1.022799968719482422e+01,2.076099967956542969e+01,6.807000160217285156e+00
6.624000072479248047e+00,2.145100021362304688e+01,7.763000011444091797e+00
4.830999851226806641e+00,2.323699951171875000e+01,4.927999973297119141e+00
2.252000093460083008e+00,2.596599960327148438e+01,5.310999870300292969e+00
-4.569999873638153076e-01,2.336700057983398438e+01,4.513000011444091797e+00
1.069000005722045898e+00,2.097200012207031250e+01,7.100999832153320312e+00
9.459999799728393555e-01,2.368600082397460938e+01,9.763999938964843750e+00
-2.657000064849853516e+00,2.455200004577636719e+01,8.902999877929687500e+00
-3.578000068664550781e+00,2.082900047302246094e+01,9.048000335693359375e+00
-1.868000030517578125e+00,2.030800056457519531e+01,1.238199996948242188e+01
-3.565000057220458984e+00,2.334600067138671875e+01,1.395100021362304688e+01
-6.956999778747558594e+00,2.235799980163574219e+01,1.259700012207031250e+01
-6.646999835968017578e+00,1.878899955749511719e+01,1.387800025939941406e+01
-5.211999893188476562e+00,1.971100044250488281e+01,1.730400085449218750e+01
-7.756999969482421875e+00,2.252799987792968750e+01,1.755500030517578125e+01
-1.056700038909912109e+01,1.993400001525878906e+01,1.719000053405761719e+01
-8.862000465393066406e+00,1.780200004577636719e+01,1.990200042724609375e+01
-9.345999717712402344e+00,2.083099937438964844e+01,2.207600021362304688e+01
-9.975999832153320312e+00,2.002000045776367188e+01,2.572999954223632812e+01
-9.621000289916992188e+00,1.623600006103515625e+01,2.520000076293945312e+01
-5.867000102996826172e+00,1.664100074768066406e+01,2.459199905395507812e+01
-4.880000114440917969e+00,1.526200008392333984e+01,2.803700065612792969e+01
-7.237999916076660156e+00,1.227200031280517578e+01,2.772999954223632812e+01
-5.834000110626220703e+00,1.149600028991699219e+01,2.424600028991699219e+01
-2.242000102996826172e+00,1.179599952697753906e+01,2.545899963378906250e+01
-2.983999967575073242e+00,9.187999725341796875e+00,2.821400070190429688e+01
-4.710999965667724609e+00,6.900000095367431641e+00,2.565600013732910156e+01
-1.702000021934509277e+00,7.160999774932861328e+00,2.331800079345703125e+01
6.669999957084655762e-01,6.140999794006347656e+00,2.619000053405761719e+01
-1.664999961853027344e+00,3.194999933242797852e+00,2.703400039672851562e+01
-1.703999996185302734e+00,2.183000087738037109e+00,2.336400032043457031e+01
2.088999986648559570e+00,2.342999935150146484e+00,2.333799934387207031e+01
2.555999994277954102e+00,2.599999904632568359e-01,2.651700019836425781e+01
3.079999983310699463e-01,-2.535000085830688477e+00,2.524600028991699219e+01
1.504999995231628418e+00,-2.517999887466430664e+00,2.162899971008300781e+01
5.216000080108642578e+00,-2.045000076293945312e+00,2.225200080871582031e+01
5.986999988555908203e+00,-3.582999944686889648e+00,2.566399955749511719e+01
9.668999671936035156e+00,-2.621999979019165039e+00,2.565200042724609375e+01
8.565999984741210938e+00,1.042999982833862305e+00,2.616600036621093750e+01
7.436999797821044922e+00,4.399999976158142090e-02,2.968000030517578125e+01
1.113199996948242188e+01,-1.889999955892562866e-01,3.069099998474121094e+01
1.117899990081787109e+01,3.618999958038330078e+00,3.113299942016601562e+01
8.373000144958496094e+00,3.532999992370605469e+00,3.373600006103515625e+01
9.187999725341796875e+00,1.037999987602233887e+00,3.651800155639648438e+01
7.960000038146972656e+00,3.579999923706054688e+00,3.907600021362304688e+01
4.482999801635742188e+00,3.631999969482421875e+00,3.749800109863281250e+01
1.411000013351440430e+00,1.506999969482421875e+00,3.788899993896484375e+01
7.039999961853027344e-01,1.060999989509582520e+00,3.414199829101562500e+01
-2.703000068664550781e+00,-6.140000224113464355e-01,3.444499969482421875e+01
-5.611000061035156250e+00,7.350000143051147461e-01,3.246900177001953125e+01
-6.984000205993652344e+00,3.884000062942504883e+00,3.412799835205078125e+01
-3.785000085830688477e+00,4.598999977111816406e+00,3.606100082397460938e+01
-3.651000022888183594e+00,8.164999961853027344e+00,3.738999938964843750e+01
1.089999973773956299e-01,8.196999549865722656e+00,3.683700180053710938e+01
-3.720000088214874268e-01,7.466000080108642578e+00,3.312300109863281250e+01
-3.203000068664550781e+00,1.004300022125244141e+01,3.298500061035156250e+01
-1.039000034332275391e+00,1.271399974822998047e+01,3.463999938964843750e+01
1.873000025749206543e+00,1.188799953460693359e+01,3.231600189208984375e+01
-5.509999990463256836e-01,1.191100025177001953e+01,2.937000083923339844e+01
-1.687999963760375977e+00,1.543500041961669922e+01,3.027499961853027344e+01
1.957000017166137695e+00,1.666200065612792969e+01,3.035700035095214844e+01
2.709000110626220703e+00,1.509599971771240234e+01,2.696500015258789062e+01
-4.359999895095825195e-01,1.661300086975097656e+01,2.545199966430664062e+01
2.660000026226043701e-01,2.005599975585937500e+01,2.695499992370605469e+01
3.793999910354614258e+00,1.991799926757812500e+01,2.546299934387207031e+01
2.236000061035156250e+00,1.906699943542480469e+01,2.207399940490722656e+01
-1.519999951124191284e-01,2.200300025939941406e+01,2.247699928283691406e+01
2.844000101089477539e+00,2.424799919128417969e+01,2.318000030517578125e+01
4.644999980926513672e+00,2.288199996948242188e+01,2.010899925231933594e+01
1.587000012397766113e+00,2.354800033569335938e+01,1.788299942016601562e+01
1.411999940872192383e+00,2.709199905395507812e+01,1.928800010681152344e+01
5.092999935150146484e+00,2.762899971008300781e+01,1.843000030517578125e+01
5.142000198364257812e+00,2.554999923706054688e+01,1.524400043487548828e+01
7.632999897003173828e+00,2.797299957275390625e+01,1.355200004577636719e+01
9.871000289916992188e+00,2.807299995422363281e+01,1.666099929809570312e+01
9.750000000000000000e+00,2.458399963378906250e+01,1.805800056457519531e+01
1.335499954223632812e+01,2.406299972534179688e+01,1.919000053405761719e+01
1.318599987030029297e+01,2.684000015258789062e+01,2.178899955749511719e+01
9.652999877929687500e+00,2.598399925231933594e+01,2.297200012207031250e+01
1.072500038146972656e+01,2.239599990844726562e+01,2.362899971008300781e+01
1.427299976348876953e+01,2.316900062561035156e+01,2.481399917602539062e+01
1.373299980163574219e+01,2.221999931335449219e+01,2.843499946594238281e+01
1.210299968719482422e+01,1.894300079345703125e+01,2.735499954223632812e+01
1.500100040435791016e+01,1.826700019836425781e+01,2.494799995422363281e+01
1.741200065612792969e+01,1.873800086975097656e+01,2.786400032043457031e+01
1.536299991607666016e+01,1.647400093078613281e+01,3.013899993896484375e+01
1.505500030517578125e+01,1.362800025939941406e+01,2.770899963378906250e+01
1.868600082397460938e+01,1.390499973297119141e+01,2.655800056457519531e+01
2.037700080871582031e+01,1.410499954223632812e+01,2.994199943542480469e+01
1.806100082397460938e+01,1.270600032806396484e+01,3.262500000000000000e+01
1.537199974060058594e+01,1.038300037384033203e+01,3.123100090026855469e+01
1.758600044250488281e+01,9.196999549865722656e+00,2.840600013732910156e+01
1.486200046539306641e+01,7.422999858856201172e+00,2.645999908447265625e+01
1.634099960327148438e+01,5.609000205993652344e+00,2.348100090026855469e+01
1.548400020599365234e+01,7.626999855041503906e+00,2.036300086975097656e+01
1.375599956512451172e+01,4.594999790191650391e+00,1.874699974060058594e+01
1.083100032806396484e+01,4.903999805450439453e+00,2.117499923706054688e+01
9.765000343322753906e+00,8.326000213623046875e+00,1.988500022888183594e+01
8.505999565124511719e+00,6.756999969482421875e+00,1.663899993896484375e+01
6.416999816894531250e+00,4.290999889373779297e+00,1.870100021362304688e+01
4.697000026702880859e+00,6.974999904632568359e+00,2.077599906921386719e+01
4.208000183105468750e+00,9.135999679565429688e+00,1.761700057983398438e+01
2.447000026702880859e+00,6.217000007629394531e+00,1.587199974060058594e+01
2.599999904632568359e-01,5.679999828338623047e+00,1.892900085449218750e+01
-5.709999799728393555e-01,9.406000137329101562e+00,1.903400039672851562e+01
-1.504999995231628418e+00,9.145000457763671875e+00,1.535299968719482422e+01
-3.732000112533569336e+00,6.130000114440917969e+00,1.604199981689453125e+01
-5.394000053405761719e+00,7.840000152587890625e+00,1.899500083923339844e+01
-6.110000133514404297e+00,1.092399978637695312e+01,1.683900070190429688e+01
-7.519999980926513672e+00,8.723999977111816406e+00,1.402000045776367188e+01
-9.842000007629394531e+00,6.958000183105468750e+00,1.648800086975097656e+01
-1.115600013732910156e+01,1.032100009918212891e+01,1.773999977111816406e+01
-1.127000045776367188e+01,1.238300037384033203e+01,1.450599956512451172e+01
-1.352499961853027344e+01,1.070300006866455078e+01,1.193799972534179688e+01
-1.399199962615966797e+01,1.386900043487548828e+01,9.897000312805175781e+00
-1.056599998474121094e+01,1.548299980163574219e+01,1.024400043487548828e+01
-8.201999664306640625e+00,1.252000045776367188e+01,9.833999633789062500e+00
-8.074999809265136719e+00,1.268700027465820312e+01,6.012000083923339844e+00
-5.028999805450439453e+00,1.131099987030029297e+01,4.131999969482421875e+00
-3.536999940872192383e+00,1.481000041961669922e+01,3.917999982833862305e+00
-4.072000026702880859e+00,1.553100013732910156e+01,7.604000091552734375e+00
-2.621000051498413086e+00,1.210799980163574219e+01,8.522999763488769531e+00
4.769999980926513672e-01,1.293400001525878906e+01,6.506999969482421875e+00
8.899999856948852539e-01,1.637199974060058594e+01,8.071999549865722656e+00
3.849999904632568359e-01,1.497299957275390625e+01,1.158500003814697266e+01
2.990999937057495117e+00,1.224600028991699219e+01,1.093900012969970703e+01
5.484000205993652344e+00,1.486800003051757812e+01,9.796999931335449219e+00
4.688000202178955078e+00,1.706299972534179688e+01,1.279399967193603516e+01
5.235000133514404297e+00,1.428600025177001953e+01,1.535700035095214844e+01
8.465000152587890625e+00,1.325599956512451172e+01,1.362399959564208984e+01
9.637999534606933594e+00,1.690900039672851562e+01,1.380500030517578125e+01
8.703000068664550781e+00,1.711300086975097656e+01,1.750799942016601562e+01
1.052200031280517578e+01,1.378499984741210938e+01,1.801600074768066406e+01
1.362100028991699219e+01,1.511800003051757812e+01,1.623299980163574219e+01
1.367300033569335938e+01,1.825799942016601562e+01,1.842200088500976562e+01
1.327900028228759766e+01,1.612400054931640625e+01,2.155900001525878906e+01
1.629199981689453125e+01,1.396199989318847656e+01,2.067799949645996094e+01
1.842600059509277344e+01,1.683900070190429688e+01,1.927000045776367188e+01
2.066799926757812500e+01,1.722900009155273438e+01,2.233799934387207031e+01
2.128599929809570312e+01,1.353699970245361328e+01,2.301899909973144531e+01
2.486300086975097656e+01,1.370199966430664062e+01,2.180500030517578125e+01
2.428000068664550781e+01,1.912000083923339844e+01,1.555000019073486328e+01
2.793700027465820312e+01,1.863699913024902344e+01,1.468500041961669922e+01
3.002499961853027344e+01,2.034799957275390625e+01,1.732500076293945312e+01
3.321400070190429688e+01,2.213899993896484375e+01,1.631500053405761719e+01
3.513199996948242188e+01,1.919599914550781250e+01,1.783499908447265625e+01
3.308300018310546875e+01,1.676399993896484375e+01,1.573700046539306641e+01
3.396300125122070312e+01,1.872400093078613281e+01,1.261400032043457031e+01
3.765200042724609375e+01,1.870999908447265625e+01,1.354500007629394531e+01
3.753400039672851562e+01,1.493000030517578125e+01,1.417700004577636719e+01
3.575500106811523438e+01,1.421399974822998047e+01,1.084899997711181641e+01
3.810300064086914062e+01,1.641600036621093750e+01,8.788999557495117188e+00
4.113199996948242188e+01,1.464299964904785156e+01,1.026799964904785156e+01
3.983300018310546875e+01,1.109399986267089844e+01,9.883999824523925781e+00
3.829399871826171875e+01,1.155900001525878906e+01,6.390999794006347656e+00
4.139199829101562500e+01,1.351399993896484375e+01,5.313000202178955078e+00
4.334099960327148438e+01,1.029399967193603516e+01,6.033999919891357422e+00
4.107699966430664062e+01,8.343000411987304688e+00,3.678999900817871094e+00
4.240000152587890625e+01,1.060599994659423828e+01,9.559999704360961914e-01
4.296699905395507812e+01,8.727999687194824219e+00,-2.288000106811523438e+00
4.127899932861328125e+01,5.532000064849853516e+00,-1.006999969482421875e+00
3.775099945068359375e+01,7.059999942779541016e+00,-8.610000014305114746e-01
3.675699996948242188e+01,5.125999927520751953e+00,-4.043000221252441406e+00
3.798199844360351562e+01,1.828999996185302734e+00,-2.591000080108642578e+00
3.645399856567382812e+01,2.450000047683715820e+00,8.500000238418579102e-01
3.311700057983398438e+01,3.506000041961669922e+00,-6.250000000000000000e-01
3.299499893188476562e+01,2.809999883174896240e-01,-2.658999919891357422e+00
3.392699813842773438e+01,-1.873000025749206543e+00,3.759999871253967285e-01
3.121999931335449219e+01,-1.720000058412551880e-01,2.473999977111816406e+00
2.862299919128417969e+01,-9.969999790191650391e-01,-2.199999988079071045e-01
2.974699974060058594e+01,-4.655000209808349609e+00,-4.300000071525573730e-01
2.965699958801269531e+01,-4.788000106811523438e+00,3.371000051498413086e+00
2.607999992370605469e+01,-3.444999933242797852e+00,3.266999959945678711e+00
2.485099983215332031e+01,-5.822999954223632812e+00,5.429999828338623047e-01
2.624699974060058594e+01,-8.855999946594238281e+00,2.341000080108642578e+00
2.522200012207031250e+01,-7.879000186920166016e+00,5.868999958038330078e+00
2.183900070190429688e+01,-6.364999771118164062e+00,4.965000152587890625e+00
2.059600067138671875e+01,-8.100999832153320312e+00,1.799000024795532227e+00
1.734700012207031250e+01,-6.137000083923339844e+00,1.651000022888183594e+00
1.947299957275390625e+01,-3.151000022888183594e+00,5.090000033378601074e-01
2.012899971008300781e+01,-5.081999778747558594e+00,-2.714999914169311523e+00
1.647299957275390625e+01,-4.341000080108642578e+00,-3.655999898910522461e+00
1.764500045776367188e+01,-8.249999880790710449e-01,-4.758999824523925781e+00
2.034700012207031250e+01,-2.243999958038330078e+00,-7.090000152587890625e+00
1.873100090026855469e+01,-4.984000205993652344e+00,-9.201999664306640625e+00
2.022900009155273438e+01,-3.259999990463256836e+00,-1.225599956512451172e+01
2.378000068664550781e+01,-3.661999940872192383e+00,-1.100699996948242188e+01
2.619799995422363281e+01,-6.556000232696533203e+00,-1.125599956512451172e+01
2.679500007629394531e+01,-6.827000141143798828e+00,-7.507999897003173828e+00
2.953899955749511719e+01,-9.480999946594238281e+00,-7.717000007629394531e+00
3.273300170898437500e+01,-8.694000244140625000e+00,-5.848000049591064453e+00
3.491600036621093750e+01,-6.164999961853027344e+00,-7.651000022888183594e+00
3.231100082397460938e+01,-5.164000034332275391e+00,-1.021899986267089844e+01
3.289199829101562500e+01,-1.922000050544738770e+00,-1.208600044250488281e+01
2.942300033569335938e+01,-6.669999957084655762e-01,-1.113300037384033203e+01
3.001000022888183594e+01,-1.125000000000000000e+00,-7.377999782562255859e+00
3.347000122070312500e+01,4.550000131130218506e-01,-7.626999855041503906e+00
3.208599853515625000e+01,3.397000074386596680e+00,-9.618000030517578125e+00
2.912899971008300781e+01,3.894000053405761719e+00,-7.256000041961669922e+00
3.151600074768066406e+01,3.523999929428100586e+00,-4.284999847412109375e+00
3.360100173950195312e+01,6.413000106811523438e+00,-5.664000034332275391e+00
3.050399971008300781e+01,8.578000068664550781e+00,-6.156000137329101562e+00
2.933300018310546875e+01,7.994999885559082031e+00,-2.584000110626220703e+00
3.279199981689453125e+01,8.649999618530273438e+00,-1.167000055313110352e+00
3.331100082397460938e+01,1.182699966430664062e+01,-3.273999929428100586e+00
2.993099975585937500e+01,1.312100028991699219e+01,-2.078000068664550781e+00
3.110799980163574219e+01,1.256400012969970703e+01,1.519999980926513672e+00
3.435699844360351562e+01,1.439999961853027344e+01,7.009999752044677734e-01
3.223400115966796875e+01,1.731800079345703125e+01,-5.709999799728393555e-01
3.017700004577636719e+01,1.716500091552734375e+01,2.632999897003173828e+00
3.329100036621093750e+01,1.711199951171875000e+01,4.905000209808349609e+00
3.468099975585937500e+01,2.007699966430664062e+01,2.954999923706054688e+00
3.144700050354003906e+01,2.206200027465820312e+01,3.415999889373779297e+00
3.052599906921386719e+01,2.062299919128417969e+01,6.835000038146972656e+00
2.909300041198730469e+01,2.400799942016601562e+01,8.013999938964843750e+00
2.648399925231933594e+01,2.399900054931640625e+01,5.216000080108642578e+00
2.569599914550781250e+01,2.039699935913085938e+01,4.185999870300292969e+00
2.209000015258789062e+01,2.111300086975097656e+01,3.140000104904174805e+00
2.331599998474121094e+01,2.349300003051757812e+01,4.210000038146972656e-01
2.632799911499023438e+01,2.137199974060058594e+01,-6.230000257492065430e-01
2.426000022888183594e+01,1.819400024414062500e+01,-1.001000046730041504e+00
2.119400024414062500e+01,1.993600082397460938e+01,-2.418999910354614258e+00
2.125399971008300781e+01,1.816099929809570312e+01,-5.787000179290771484e+00
2.178700065612792969e+01,1.476599979400634766e+01,-4.131999969482421875e+00
1.898399925231933594e+01,1.534200000762939453e+01,-1.600000023841857910e+00
1.674600028991699219e+01,1.616300010681152344e+01,-4.598000049591064453e+00
1.781900024414062500e+01,1.300100040435791016e+01,-6.448999881744384766e+00
1.715999984741210938e+01,1.073700046539306641e+01,-3.479000091552734375e+00
1.383399963378906250e+01,1.233399963378906250e+01,-2.516000032424926758e+00
1.232400035858154297e+01,1.257400035858154297e+01,-5.993000030517578125e+00
1.383100032806396484e+01,9.809000015258789062e+00,-8.095000267028808594e+00
1.573999977111816406e+01,7.102000236511230469e+00,-6.190000057220458984e+00
1.330500030517578125e+01,7.217999935150146484e+00,-3.286999940872192383e+00
1.532199954986572266e+01,4.833000183105468750e+00,-1.141000032424926758e+00
1.349899959564208984e+01,4.138999938964843750e+00,2.141000032424926758e+00
1.512300014495849609e+01,6.223000049591064453e+00,4.886000156402587891e+00
1.578899955749511719e+01,3.145999908447265625e+00,7.065999984741210938e+00
1.859399986267089844e+01,2.105999946594238281e+00,4.670000076293945312e+00
2.072599983215332031e+01,5.212999820709228516e+00,5.294000148773193359e+00
2.146299934387207031e+01,3.903000116348266602e+00,8.814000129699707031e+00
2.257600021362304688e+01,5.849999785423278809e-01,7.282999992370605469e+00
2.504100036621093750e+01,2.124000072479248047e+00,4.833000183105468750e+00
2.618099975585937500e+01,4.557000160217285156e+00,7.554999828338623047e+00
2.702000045776367188e+01,1.648000001907348633e+00,9.871999740600585938e+00
2.893099975585937500e+01,-8.100000023841857910e-02,7.047999858856201172e+00
3.089599990844726562e+01,3.092000007629394531e+00,6.203000068664550781e+00
3.178499984741210938e+01,3.321000099182128906e+00,9.911000251770019531e+00
3.301599884033203125e+01,-3.310000002384185791e-01,1.000399971008300781e+01
3.499800109863281250e+01,2.879999876022338867e-01,6.840000152587890625e+00
3.672800064086914062e+01,3.296999931335449219e+00,8.378999710083007812e+00
3.738199996948242188e+01,1.373999953269958496e+00,1.160599994659423828e+01
3.898300170898437500e+01,-1.457999944686889648e+00,9.614999771118164062e+00
4.122000122070312500e+01,9.480000138282775879e-01,7.672999858856201172e+00
4.208100128173828125e+01,3.701999902725219727e+00,1.022299957275390625e+01
4.355500030517578125e+01,1.922999978065490723e+00,1.325199985504150391e+01
4.541400146484375000e+01,4.980000019073486328e+00,1.455200004577636719e+01
4.256100082397460938e+01,7.431000232696533203e+00,1.402600002288818359e+01
3.942699813842773438e+01,5.539999961853027344e+00,1.514000034332275391e+01
3.935800170898437500e+01,6.544000148773193359e+00,1.881699943542480469e+01
3.613000106811523438e+01,6.493000030517578125e+00,2.085099983215332031e+01
3.574200057983398438e+01,1.024699974060058594e+01,2.035199928283691406e+01
3.636500167846679688e+01,1.003600025177001953e+01,1.658399963378906250e+01
3.400400161743164062e+01,7.051000118255615234e+00,1.630800056457519531e+01
3.124200057983398438e+01,9.163999557495117188e+00,1.795199966430664062e+01
3.197100067138671875e+01,1.214900016784667969e+01,1.567300033569335938e+01
3.198600006103515625e+01,9.972999572753906250e+00,1.255500030517578125e+01
2.870499992370605469e+01,8.298000335693359375e+00,1.357100009918212891e+01
2.710499954223632812e+01,1.171700000762939453e+01,1.416600036621093750e+01
2.842799949645996094e+01,1.302200031280517578e+01,1.082400035858154297e+01
2.703199958801269531e+01,1.009200000762939453e+01,8.815999984741210938e+00
2.372599983215332031e+01,1.047200012207031250e+01,1.058300018310546875e+01
2.371100044250488281e+01,1.420899963378906250e+01,9.694999694824218750e+00
2.456500053405761719e+01,1.345199966430664062e+01,6.064000129699707031e+00
2.170199966430664062e+01,1.090799999237060547e+01,6.073999881744384766e+00
1.930400085449218750e+01,1.350899982452392578e+01,7.537000179290771484e+00
2.019799995422363281e+01,1.596700000762939453e+01,4.777999877929687500e+00
1.978700065612792969e+01,1.328400039672851562e+01,2.069999933242797852e+00
1.626899909973144531e+01,1.240600013732910156e+01,3.322000026702880859e+00
1.523999977111816406e+01,1.601300048828125000e+01,4.157000064849853516e+00
1.301900005340576172e+01,1.651899909973144531e+01,1.095000028610229492e+00
1.131799983978271484e+01,1.312500000000000000e+01,9.589999914169311523e-01
7.940000057220458984e+00,1.459099960327148438e+01,2.003999948501586914e+00
2.694999933242797852e+00,-1.473400020599365234e+01,1.974399948120117188e+01
-9.530000090599060059e-01,-1.377499961853027344e+01,1.972299957275390625e+01
-2.835000038146972656e+00,-1.484200000762939453e+01,2.284700012207031250e+01
-6.328999996185302734e+00,-1.638100051879882812e+01,2.248399925231933594e+01
-7.940000057220458984e+00,-1.308800029754638672e+01,2.352799987792968750e+01
-5.755000114440917969e+00,-1.150899982452392578e+01,2.077000045776367188e+01
-6.685999870300292969e+00,-1.402900028228759766e+01,1.808200073242187500e+01
-1.039500045776367188e+01,-1.356000041961669922e+01,1.890999984741210938e+01
-1.004199981689453125e+01,-9.770999908447265625e+00,1.888800048828125000e+01
-8.378999710083007812e+00,-9.921999931335449219e+00,1.543900012969970703e+01
-1.102200031280517578e+01,-1.225399971008300781e+01,1.400500011444091797e+01
-1.397000026702880859e+01,-1.033800029754638672e+01,1.547299957275390625e+01
-1.287899971008300781e+01,-6.977000236511230469e+00,1.405399990081787109e+01
-1.193700027465820312e+01,-8.560999870300292969e+00,1.069200038909912109e+01
-1.555099964141845703e+01,-9.812000274658203125e+00,1.024400043487548828e+01
-1.656399917602539062e+01,-6.107999801635742188e+00,9.854999542236328125e+00
-1.378899955749511719e+01,-5.102000236511230469e+00,7.433000087738037109e+00
-1.471800041198730469e+01,-4.631000041961669922e+00,3.792000055313110352e+00
-1.133699989318847656e+01,-5.900000095367431641e+00,2.543999910354614258e+00
-1.165900039672851562e+01,-4.311999797821044922e+00,-8.769999742507934570e-01
-1.244799995422363281e+01,-8.500000238418579102e-01,5.490000247955322266e-01
-9.949000358581542969e+00,-9.720000028610229492e-01,3.418999910354614258e+00
-7.188000202178955078e+00,-2.278000116348266602e+00,1.072999954223632812e+00
-7.776000022888183594e+00,6.409999728202819824e-01,-1.325000047683715820e+00
-7.712999820709228516e+00,3.117000102996826172e+00,1.582000017166137695e+00
-4.583000183105468750e+00,1.699000000953674316e+00,3.184999942779541016e+00
-2.614000082015991211e+00,1.498000025749206543e+00,-4.800000041723251343e-02
-3.700000047683715820e+00,5.037000179290771484e+00,-1.082000017166137695e+00
-2.727999925613403320e+00,6.394000053405761719e+00,2.355000019073486328e+00
6.549999713897705078e-01,4.644999980926513672e+00,2.154999971389770508e+00
1.320999979972839355e+00,6.505000114440917969e+00,-1.105000019073486328e+00
1.469999998807907104e-01,9.864000320434570312e+00,3.910000026226043701e-01
1.843000054359436035e+00,9.623000144958496094e+00,3.819000005722045898e+00
5.152999877929687500e+00,8.060000419616699219e+00,2.608999967575073242e+00
5.282999992370605469e+00,9.291999816894531250e+00,-1.026000022888183594e+00
8.644000053405761719e+00,7.676000118255615234e+00,-1.832000017166137695e+00
6.589000225067138672e+00,4.407999992370605469e+00,-1.827999949455261230e+00
5.165999889373779297e+00,5.630000114440917969e+00,-5.210000038146972656e+00
8.470000267028808594e+00,4.363999843597412109e+00,-6.736000061035156250e+00
6.807000160217285156e+00,8.700000047683715820e-01,-7.105999946594238281e+00
3.746000051498413086e+00,2.246000051498413086e+00,-8.904999732971191406e+00
5.140999794006347656e+00,4.182000160217285156e+00,-1.189299964904785156e+01
2.585999965667724609e+00,2.723999977111816406e+00,-1.431000041961669922e+01
-4.850000143051147461e-01,3.420000076293945312e+00,-1.209899997711181641e+01
-1.411999940872192383e+00,6.824999809265136719e+00,-1.353299999237060547e+01
-2.105000019073486328e+00,1.001099967956542969e+01,-1.165400028228759766e+01
-5.640000104904174805e-01,1.015600013732910156e+01,-8.192999839782714844e+00
-9.499999880790710449e-02,1.394400024414062500e+01,-8.255000114440917969e+00
-2.203999996185302734e+00,1.492199993133544922e+01,-5.184000015258789062e+00
-3.868000030517578125e+00,1.309700012207031250e+01,-2.260999917984008789e+00
-7.280000209808349609e+00,1.310499954223632812e+01,-3.951999902725219727e+00
-5.756000041961669922e+00,1.176599979400634766e+01,-7.179999828338623047e+00
-3.967000007629394531e+00,8.975000381469726562e+00,-5.293000221252441406e+00
-7.035999774932861328e+00,8.052000045776367188e+00,-3.232000112533569336e+00
-9.394000053405761719e+00,7.981999874114990234e+00,-6.219999790191650391e+00
-6.949999809265136719e+00,6.201000213623046875e+00,-8.588000297546386719e+00
-8.625000000000000000e+00,3.039999961853027344e+00,-9.887999534606933594e+00
-5.291999816894531250e+00,1.164000034332275391e+00,-1.016899967193603516e+01
-4.403999805450439453e+00,2.065000057220458984e+00,-6.577000141143798828e+00
-7.828000068664550781e+00,8.870000243186950684e-01,-5.454999923706054688e+00
-7.513000011444091797e+00,-2.355999946594238281e+00,-7.461999893188476562e+00
-4.039999961853027344e+00,-3.176000118255615234e+00,-6.151999950408935547e+00
-5.126999855041503906e+00,-2.306999921798706055e+00,-2.624000072479248047e+00
-7.922999858856201172e+00,-4.882999897003173828e+00,-2.953000068664550781e+00
-5.435999870300292969e+00,-7.537000179290771484e+00,-4.085999965667724609e+00
-2.862999916076660156e+00,-6.781000137329101562e+00,-1.437999963760375977e+00
-5.302000045776367188e+00,-6.742000102996826172e+00,1.458999991416931152e+00
-7.053999900817871094e+00,-9.798999786376953125e+00,6.000000052154064178e-03
-3.793999910354614258e+00,-1.178499984741210938e+01,4.320000112056732178e-01
-3.361999988555908203e+00,-1.026299953460693359e+01,3.894000053405761719e+00
-6.925000190734863281e+00,-1.133800029754638672e+01,4.798999786376953125e+00
-6.228000164031982422e+00,-1.485299968719482422e+01,3.571000099182128906e+00
-3.173000097274780273e+00,-1.494699954986572266e+01,5.863999843597412109e+00
-5.421999931335449219e+00,-1.423600006103515625e+01,8.890999794006347656e+00
-6.738999843597412109e+00,-1.783600044250488281e+01,8.678999900817871094e+00
-3.134999990463256836e+00,-1.908200073242187500e+01,9.215999603271484375e+00
-1.781000018119812012e+00,-1.695700073242187500e+01,1.210499954223632812e+01
3.569999933242797852e-01,-1.978899955749511719e+01,1.349100017547607422e+01
2.091000080108642578e+00,-2.028700065612792969e+01,1.007199954986572266e+01
2.556999921798706055e+00,-1.686599922180175781e+01,8.500000000000000000e+00
6.071000099182128906e+00,-1.774099922180175781e+01,7.250999927520751953e+00
4.741000175476074219e+00,-2.070599937438964844e+01,5.252999782562255859e+00
1.623000025749206543e+00,-1.887000083923339844e+01,4.124000072479248047e+00
3.546999931335449219e+00,-1.593200016021728516e+01,2.609999895095825195e+00
6.671999931335449219e+00,-1.777099990844726562e+01,1.371000051498413086e+00
5.677999973297119141e+00,-1.767200088500976562e+01,-2.321000099182128906e+00
4.785999774932861328e+00,-1.398099994659423828e+01,-2.207999944686889648e+00
7.989999771118164062e+00,-1.324600028991699219e+01,-2.240000069141387939e-01
1.011600017547607422e+01,-1.473799991607666016e+01,-2.983000040054321289e+00
8.102999687194824219e+00,-1.279800033569335938e+01,-5.572000026702880859e+00
8.579000473022460938e+00,-9.482000350952148438e+00,-3.779000043869018555e+00
1.229899978637695312e+01,-1.012500000000000000e+01,-3.451999902725219727e+00
1.327799987792968750e+01,-1.170600032806396484e+01,-6.787000179290771484e+00
1.084700012207031250e+01,-1.012500000000000000e+01,-9.185999870300292969e+00
9.394000053405761719e+00,-6.973000049591064453e+00,-7.644000053405761719e+00
1.252600002288818359e+01,-5.803999900817871094e+00,-5.788000106811523438e+00
1.044099998474121094e+01,-4.382999897003173828e+00,-2.914000034332275391e+00
1.231000041961669922e+01,-3.349999904632568359e+00,2.090000063180923462e-01
1.058500003814697266e+01,-5.143000125885009766e+00,3.135999917984008789e+00
1.047099971771240234e+01,-1.835000038146972656e+00,5.111000061035156250e+00
7.434000015258789062e+00,-1.067999958992004395e+00,2.812999963760375977e+00
5.528999805450439453e+00,-3.954999923706054688e+00,4.477000236511230469e+00
6.151000022888183594e+00,-2.338999986648559570e+00,7.885000228881835938e+00
4.980000019073486328e+00,1.083999991416931152e+00,6.638000011444091797e+00
1.820999979972839355e+00,-5.279999971389770508e-01,5.144000053405761719e+00
1.164000034332275391e+00,-2.257999897003173828e+00,8.496000289916992188e+00
1.259999990463256836e+00,1.077999949455261230e+00,1.038599967956542969e+01
-1.024000048637390137e+00,2.801000118255615234e+00,7.829999923706054688e+00
-3.447000026702880859e+00,-1.580000072717666626e-01,7.992000102996826172e+00
-3.568000078201293945e+00,1.879999935626983643e-01,1.184399986267089844e+01
-4.290999889373779297e+00,3.901999950408935547e+00,1.140299987792968750e+01
-7.066999912261962891e+00,3.157999992370605469e+00,8.857000350952148438e+00
-8.720999717712402344e+00,6.159999966621398926e-01,1.118500041961669922e+01
-8.526000022888183594e+00,3.151999950408935547e+00,1.400899982452392578e+01
-1.001900005340576172e+01,5.894000053405761719e+00,1.179500007629394531e+01
-1.276900005340576172e+01,3.648000001907348633e+00,1.039700031280517578e+01
-1.378299999237060547e+01,1.838000059127807617e+00,1.359300041198730469e+01
-1.319799995422363281e+01,4.594999790191650391e+00,1.617900085449218750e+01
-1.361900043487548828e+01,3.638999938964843750e+00,1.984099960327148438e+01
-1.406700038909912109e+01,-1.110000014305114746e-01,1.906100082397460938e+01
-1.039299964904785156e+01,-2.360000014305114746e-01,1.797800064086914062e+01
-9.307999610900878906e+00,-2.290000021457672119e-01,2.162700080871582031e+01
-5.730999946594238281e+00,-3.249999880790710449e-01,2.298100090026855469e+01
-5.842000007629394531e+00,-4.126999855041503906e+00,2.336499977111816406e+01
-7.361000061035156250e+00,-4.620999813079833984e+00,1.989399909973144531e+01
-4.632999897003173828e+00,-2.405999898910522461e+00,1.843499946594238281e+01
-1.952999949455261230e+00,-4.433000087738037109e+00,2.025600051879882812e+01
-3.309999942779541016e+00,-7.644000053405761719e+00,1.868899917602539062e+01
-3.247999906539916992e+00,-5.998000144958496094e+00,1.521000003814697266e+01
3.009999990463256836e-01,-4.708000183105468750e+00,1.578199958801269531e+01
1.447000026702880859e+00,-8.291000366210937500e+00,1.637500000000000000e+01
-3.359999954700469971e-01,-9.373999595642089844e+00,1.316600036621093750e+01
1.075000047683715820e+00,-6.589000225067138672e+00,1.094499969482421875e+01
4.578000068664550781e+00,-7.243000030517578125e+00,1.235599994659423828e+01
4.137000083923339844e+00,-1.100300025939941406e+01,1.175599956512451172e+01
2.914000034332275391e+00,-1.054699993133544922e+01,8.177000045776367188e+00
5.748000144958496094e+00,-8.112000465393066406e+00,7.323999881744384766e+00
8.303999900817871094e+00,-1.051900005340576172e+01,8.831000328063964844e+00
6.784999847412109375e+00,-1.344999980926513672e+01,6.872000217437744141e+00
6.908999919891357422e+00,-1.148700046539306641e+01,3.611000061035156250e+00
1.052600002288818359e+01,-1.050199985504150391e+01,4.309000015258789062e+00
1.161999988555908203e+01,-1.402099990844726562e+01,5.278999805450439453e+00
1.267399978637695312e+01,-1.534099960327148438e+01,1.875000000000000000e+00
1.468799972534179688e+01,-1.226700019836425781e+01,9.089999794960021973e-01
1.834099960327148438e+01,-1.294499969482421875e+01,5.999999865889549255e-02
2.050200080871582031e+01,-1.844099998474121094e+01,1.030599975585937500e+01
2.426600074768066406e+01,-1.872599983215332031e+01,9.982000350952148438e+00
2.559799957275390625e+01,-2.113299942016601562e+01,7.382999897003173828e+00
2.817300033569335938e+01,-2.374300003051757812e+01,8.421999931335449219e+00
3.096400070190429688e+01,-2.156699943542480469e+01,6.933000087738037109e+00
2.967799949645996094e+01,-1.853000068664550781e+01,8.866000175476074219e+00
2.969700050354003906e+01,-2.046899986267089844e+01,1.213799953460693359e+01
3.328300094604492188e+01,-2.155200004577636719e+01,1.142500019073486328e+01
3.437500000000000000e+01,-1.799900054931640625e+01,1.061299991607666016e+01
3.277600097656250000e+01,-1.661899948120117188e+01,1.381000041961669922e+01
3.442699813842773438e+01,-1.932299995422363281e+01,1.593500041961669922e+01
3.783300018310546875e+01,-1.879800033569335938e+01,1.427700042724609375e+01
3.790599822998046875e+01,-1.501799964904785156e+01,1.477600002288818359e+01
3.659299850463867188e+01,-1.528999996185302734e+01,1.833699989318847656e+01
3.954100036621093750e+01,-1.757699966430664062e+01,1.920400047302246094e+01
4.179199981689453125e+01,-1.453499984741210938e+01,1.879199981689453125e+01
3.975500106811523438e+01,-1.221100044250488281e+01,2.104700088500976562e+01
4.077299880981445312e+01,-1.103800010681152344e+01,2.447699928283691406e+01
3.722900009155273438e+01,-1.106499958038330078e+01,2.588299942016601562e+01
3.793000030517578125e+01,-8.822999954223632812e+00,2.890600013732910156e+01
3.976699829101562500e+01,-6.257999897003173828e+00,2.675499916076660156e+01
3.720000076293945312e+01,-6.165999889373779297e+00,2.394300079345703125e+01
3.432099914550781250e+01,-6.144000053405761719e+00,2.648900032043457031e+01
3.571300125122070312e+01,-3.118999958038330078e+00,2.834499931335449219e+01
3.632699966430664062e+01,-1.350000023841857910e+00,2.498800086975097656e+01
3.286899948120117188e+01,-2.092999935150146484e+00,2.356500053405761719e+01
3.100600051879882812e+01,-1.067999958992004395e+00,2.670100021362304688e+01
3.304000091552734375e+01,2.119999885559082031e+00,2.705400085449218750e+01
3.246500015258789062e+01,2.940000057220458984e+00,2.336700057983398438e+01
2.871800041198730469e+01,2.344000101089477539e+00,2.387800025939941406e+01
2.870599937438964844e+01,4.929999828338623047e+00,2.664200019836425781e+01
3.077199935913085938e+01,7.368999958038330078e+00,2.457200050354003906e+01
2.905800056457519531e+01,6.993000030517578125e+00,2.120199966430664062e+01
2.546999931335449219e+01,6.660999774932861328e+00,2.254899978637695312e+01
2.566600036621093750e+01,8.571000099182128906e+00,2.584799957275390625e+01
2.206200027465820312e+01,8.012999534606933594e+00,2.680999946594238281e+01
2.315099906921386719e+01,4.421000003814697266e+00,2.760099983215332031e+01
2.493400001525878906e+01,5.868999958038330078e+00,3.065600013732910156e+01
2.147299957275390625e+01,5.995999813079833984e+00,3.231200027465820312e+01
2.203199958801269531e+01,2.555000066757202148e+00,3.393099975585937500e+01
2.546800041198730469e+01,3.473999977111816406e+00,3.533399963378906250e+01
2.504000091552734375e+01,6.495999813079833984e+00,3.761899948120117188e+01
2.674200057983398438e+01,4.511000156402587891e+00,4.045399856567382812e+01
2.985400009155273438e+01,3.941999912261962891e+00,3.829600143432617188e+01
3.168799972534179688e+01,7.181000232696533203e+00,3.905099868774414062e+01
3.334299850463867188e+01,9.409000396728515625e+00,3.649300003051757812e+01
3.186199951171875000e+01,9.288000106811523438e+00,3.298799896240234375e+01
3.260900115966796875e+01,1.297700023651123047e+01,3.227999877929687500e+01
3.473899841308593750e+01,1.257400035858154297e+01,2.914500045776367188e+01
3.556800079345703125e+01,9.885000228881835938e+00,2.658499908447265625e+01
3.887400054931640625e+01,9.196999549865722656e+00,2.837500000000000000e+01
3.712599945068359375e+01,9.000000000000000000e+00,3.177700042724609375e+01
3.455099868774414062e+01,6.515999794006347656e+00,3.048100090026855469e+01
3.714400100708007812e+01,4.307000160217285156e+00,2.876600074768066406e+01
3.943399810791015625e+01,4.406000137329101562e+00,3.180400085449218750e+01
3.666500091552734375e+01,3.765000104904174805e+00,3.435100173950195312e+01
3.729499816894531250e+01,4.720000028610229492e-01,3.618999862670898438e+01
3.356200027465820312e+01,-7.299999892711639404e-02,3.687400054931640625e+01
3.279100036621093750e+01,3.499999940395355225e-01,3.313800048828125000e+01
3.556800079345703125e+01,-2.096999883651733398e+00,3.227700042724609375e+01
3.429999923706054688e+01,-4.520999908447265625e+00,3.491799926757812500e+01
3.074399948120117188e+01,-4.434999942779541016e+00,3.355099868774414062e+01
3.215200042724609375e+01,-4.875999927520751953e+00,3.000799942016601562e+01
3.400400161743164062e+01,-8.001999855041503906e+00,3.114599990844726562e+01
3.076399993896484375e+01,-9.352000236511230469e+00,3.259099960327148438e+01
2.854199981689453125e+01,-8.659000396728515625e+00,2.956900024414062500e+01
3.101000022888183594e+01,-9.847000122070312500e+00,2.696100044250488281e+01
3.194400024414062500e+01,-1.293999958038330078e+01,2.902300071716308594e+01
2.824399948120117188e+01,-1.395300006866455078e+01,2.882500076293945312e+01
2.820999908447265625e+01,-1.309399986267089844e+01,2.509799957275390625e+01
3.134799957275390625e+01,-1.521000003814697266e+01,2.458200073242187500e+01
2.983399963378906250e+01,-1.820899963378906250e+01,2.638699913024902344e+01
2.668499946594238281e+01,-1.781200027465820312e+01,2.428499984741210938e+01
2.874699974060058594e+01,-1.839100074768066406e+01,2.111199951171875000e+01
2.890200042724609375e+01,-2.211700057983398438e+01,2.201099967956542969e+01
2.510199928283691406e+01,-2.214900016784667969e+01,2.170800018310546875e+01
2.444899940490722656e+01,-2.054199981689453125e+01,1.833300018310546875e+01
2.162100028991699219e+01,-2.301899909973144531e+01,1.770599937438964844e+01
1.981200027465820312e+01,-2.217799949645996094e+01,2.098500061035156250e+01
2.035099983215332031e+01,-1.848500061035156250e+01,2.173800086975097656e+01
1.677700042724609375e+01,-1.802199935913085938e+01,2.298900032043457031e+01
1.710799980163574219e+01,-2.089100074768066406e+01,2.546699905395507812e+01
2.060099983215332031e+01,-1.982799911499023438e+01,2.648500061035156250e+01
1.961400032043457031e+01,-1.619799995422363281e+01,2.721400070190429688e+01
1.607900047302246094e+01,-1.677799987792968750e+01,2.853499984741210938e+01
1.672900009155273438e+01,-1.617700004577636719e+01,3.227700042724609375e+01
1.898699951171875000e+01,-1.319999980926513672e+01,3.140900039672851562e+01
1.614999961853027344e+01,-1.188099956512451172e+01,2.920199966430664062e+01
1.366899967193603516e+01,-1.205599975585937500e+01,3.207400131225585938e+01
1.619700050354003906e+01,-1.037600040435791016e+01,3.442300033569335938e+01
1.695100021362304688e+01,-7.515999794006347656e+00,3.201599884033203125e+01
1.319299983978271484e+01,-6.856999874114990234e+00,3.157999992370605469e+01
1.174899959564208984e+01,-7.453999996185302734e+00,3.504999923706054688e+01
1.452900028228759766e+01,-6.178999900817871094e+00,3.725299835205078125e+01
1.701300048828125000e+01,-4.120999813079833984e+00,3.526499938964843750e+01
1.453100013732910156e+01,-2.359999895095825195e+00,3.294100189208984375e+01
1.695100021362304688e+01,-2.296000003814697266e+00,3.002799987792968750e+01
1.526299953460693359e+01,-1.309000015258789062e+00,2.675499916076660156e+01
1.637700080871582031e+01,-4.031000137329101562e+00,2.425200080871582031e+01
1.746999931335449219e+01,-1.315000057220458984e+00,2.180999946594238281e+01
2.061000061035156250e+01,-1.080999970436096191e+00,2.406299972534179688e+01
2.150699996948242188e+01,-4.664000034332275391e+00,2.299099922180175781e+01
2.138500022888183594e+01,-3.632999897003173828e+00,1.933600044250488281e+01
2.354700088500976562e+01,-5.659999847412109375e-01,1.995800018310546875e+01
2.607799911499023438e+01,-2.657000064849853516e+00,2.182200050354003906e+01
2.607099914550781250e+01,-5.188000202178955078e+00,1.892200088500976562e+01
2.678100013732910156e+01,-2.308000087738037109e+00,1.654100036621093750e+01
2.965800094604492188e+01,-1.070999979972839355e+00,1.872400093078613281e+01
3.099099922180175781e+01,-4.624000072479248047e+00,1.903300094604492188e+01
3.113299942016601562e+01,-4.960000038146972656e+00,1.524300003051757812e+01
3.300199890136718750e+01,-1.620000004768371582e+00,1.500399971008300781e+01
3.546900177001953125e+01,-2.772000074386596680e+00,1.769799995422363281e+01
3.610800170898437500e+01,-6.106999874114990234e+00,1.596300029754638672e+01
3.666999816894531250e+01,-4.151999950408935547e+00,1.272599983215332031e+01
3.910599899291992188e+01,-1.756999969482421875e+00,1.446599960327148438e+01
4.085100173950195312e+01,-4.612999916076660156e+00,1.621800041198730469e+01
4.120800018310546875e+01,-7.110000133514404297e+00,1.332900047302246094e+01
4.145999908447265625e+01,-4.662000179290771484e+00,1.044900035858154297e+01
4.142399978637695312e+01,-6.348000049591064453e+00,7.052000045776367188e+00
4.083900070190429688e+01,-9.774000167846679688e+00,8.638999938964843750e+00
3.729999923706054688e+01,-8.562000274658203125e+00,9.531000137329101562e+00
3.620399856567382812e+01,-8.984000205993652344e+00,5.914999961853027344e+00
3.272700119018554688e+01,-8.236000061035156250e+00,4.477000236511230469e+00
3.167000007629394531e+01,-1.191399955749511719e+01,4.765999794006347656e+00
3.305599975585937500e+01,-1.216499996185302734e+01,8.366000175476074219e+00
3.116799926757812500e+01,-8.987000465393066406e+00,9.229000091552734375e+00
2.794300079345703125e+01,-1.046500015258789062e+01,7.702000141143798828e+00
2.837800025939941406e+01,-1.349899959564208984e+01,9.970999717712402344e+00
2.891900062561035156e+01,-1.133600044250488281e+01,1.309000015258789062e+01
2.588400077819824219e+01,-9.185999870300292969e+00,1.218200016021728516e+01
2.373600006103515625e+01,-1.233699989318847656e+01,1.232999992370605469e+01
2.528300094604492188e+01,-1.318900012969970703e+01,1.571199989318847656e+01
2.476399993896484375e+01,-9.760000228881835938e+00,1.728300094604492188e+01
2.116200065612792969e+01,-9.559000015258789062e+00,1.595600032806396484e+01
2.058799934387207031e+01,-1.314400005340576172e+01,1.723299980163574219e+01
2.187100028991699219e+01,-1.235799980163574219e+01,2.078300094604492188e+01
1.990699958801269531e+01,-9.067000389099121094e+00,2.090299987792968750e+01
1.675399971008300781e+01,-1.085999965667724609e+01,1.978800010681152344e+01
1.735400009155273438e+01,-1.364000034332275391e+01,2.232200050354003906e+01
1.789299964904785156e+01,-1.111800003051757812e+01,2.513999938964843750e+01
1.468200016021728516e+01,-9.300999641418457031e+00,2.411400032043457031e+01
1.253999996185302734e+01,-1.242199993133544922e+01,2.373900032043457031e+01
1.112500000000000000e+01,-1.267000007629394531e+01,2.726700019836425781e+01
1.021599960327148438e+01,-8.984000205993652344e+00,2.751399993896484375e+01
6.556000232696533203e+00,-8.395000457763671875e+00,2.835899925231933594e+01
