  -9.9123923e+00   6.0449251e+00  -2.9233350e+01
  -1.1455631e+01   4.2716490e+00  -2.6165301e+01
  -1.0200887e+01   5.3957126e+00  -2.2672543e+01
  -1.2370075e+01   4.4919321e+00  -1.9685557e+01
  -1.3646600e+01   1.2457404e+00  -2.1189450e+01
  -1.1269962e+01  -7.7888019e-01  -1.8820734e+01
  -8.8868413e+00  -2.5700396e+00  -2.0942248e+01
  -8.3029771e+00  -6.2493616e+00  -1.9892632e+01
  -9.3510725e+00  -6.6951126e+00  -1.6370618e+01
  -9.2149285e+00  -4.4274876e+00  -1.3235027e+01
  -9.0243217e+00  -6.1415617e+00  -9.9447887e+00
  -9.6390954e+00  -4.9790681e+00  -6.3677136e+00
  -8.8392232e+00  -7.2023162e+00  -3.4885205e+00
  -1.0037373e+01  -7.1751467e+00   3.0063387e-02
  -8.0264640e+00  -9.3863973e+00   2.2478169e+00
  -7.4613107e+00  -9.3208296e+00   6.0154307e+00
  -4.0868076e+00  -9.5961509e+00   7.7597516e+00
  -2.9515471e+00  -9.0402181e+00   1.1285238e+01
   7.1297753e-01  -8.1313348e+00   1.1552334e+01
   2.7307552e+00  -7.5605943e+00   1.4696817e+01
   4.9044843e+00  -4.3375635e+00   1.4513155e+01
   7.7190805e+00  -6.2393172e+00   1.2862374e+01
   5.4916475e+00  -8.3786970e+00   1.0555143e+01
   4.0435691e+00  -6.7235005e+00   7.2527206e+00
   1.8823070e+00  -8.6685727e+00   4.8399060e+00
  -2.1507118e-01  -7.5170712e+00   2.0408789e+00
  -2.2998946e+00  -8.6405783e+00  -9.0977960e-01
  -1.3036674e+00  -9.3666696e+00  -4.5429293e+00
  -3.1228925e+00  -8.0473599e+00  -7.5997320e+00
  -2.2624164e+00  -9.3081012e+00  -1.0994951e+01
  -3.0548217e+00  -7.3658692e+00  -1.4166731e+01
  -4.1428865e+00  -9.6875085e+00  -1.7077059e+01
  -1.2089338e+00  -1.0271685e+01  -1.9609318e+01
  -3.8919567e+00  -9.3527067e+00  -2.2179860e+01
  -2.8405545e+00  -5.5758266e+00  -2.2221202e+01
   7.4030419e-01  -4.7342282e+00  -2.3197679e+01
   5.5446062e-01  -1.1890058e+00  -2.1585004e+01
  -3.4146833e-01  -7.0041657e-01  -1.8042187e+01
  -1.7341665e+00   2.6715803e+00  -1.6840160e+01
  -2.4331507e+00   3.2450798e+00  -1.3108642e+01
  -5.0050643e+00   5.7306745e+00  -1.2068946e+01
  -6.6290200e+00   4.8091193e+00  -8.7760539e+00
  -4.7110006e+00   2.6775923e+00  -6.3095000e+00
  -6.7400886e+00   1.9181874e+00  -3.2054339e+00
  -5.3606762e+00   7.1052034e-01  -5.2705652e-02
  -7.3042595e+00   3.0156126e-01   3.1824242e+00
  -5.6100186e+00  -6.6641171e-01   6.4044615e+00
  -7.0536405e+00  -8.5723563e-01   9.9034126e+00
  -4.6205503e+00  -1.1707022e+00   1.2810221e+01
  -5.1431897e+00  -1.3970497e+00   1.6585936e+01
  -3.1311854e+00   2.3465121e-01   1.9133753e+01
  -3.0058540e+00   1.9228021e-01   2.3005419e+01
  -2.7472454e+00   4.0310458e+00   2.3405527e+01
   8.3319234e-02   6.1898407e+00   2.2335018e+01
   1.7566796e+00   5.3060957e+00   1.8993184e+01
   1.5314907e+00   6.3598601e+00   1.5374774e+01
   1.2821064e+00   3.9748319e+00   1.2283162e+01
   1.4941088e+00   5.2183068e+00   8.6269681e+00
  -9.0118413e-03   3.2168015e+00   5.7320951e+00
   9.0549645e-01   3.8399021e+00   2.0680119e+00
   7.7096759e-01   1.5816389e+00  -1.1902973e+00
   3.5453382e+00   5.0177658e-01  -3.4619121e+00
   3.5044973e+00  -1.5905935e-01  -7.2024471e+00
   5.6885781e+00  -2.8996157e+00  -8.8112955e+00
   7.4031783e+00  -2.2624171e+00  -1.2299412e+01
   8.9101153e+00   1.0759606e+00  -1.1230074e+01
   1.2267609e+01   2.5284244e+00  -1.0479113e+01
   1.1393028e+01   2.8159664e+00  -6.7470468e+00
   1.4558670e+01   1.1259764e+00  -5.4082665e+00
   1.5199349e+01   6.2822740e-01  -1.6636785e+00
   1.1826833e+01  -5.0307415e-01  -5.1832262e-02
   1.3234051e+01  -8.2347602e-02   3.3759215e+00
   1.4416166e+01   3.3846125e+00   2.9111111e+00
   1.0830192e+01   4.1654845e+00   1.7368224e+00
   9.1030728e+00   2.2329814e+00   4.6207940e+00
   1.1111782e+01   4.4638575e+00   7.1577406e+00
   8.9007937e+00   7.3221707e+00   5.7299640e+00
   5.4697257e+00   8.1487078e+00   7.2762563e+00
   4.4071733e+00   8.2688815e+00   3.6339988e+00
   5.8216572e+00   5.3820472e+00   1.4954207e+00
   5.3208476e+00   4.3238793e+00  -2.0879710e+00
   7.6963720e+00   1.4679461e+00  -3.2502508e+00
   7.2359525e+00  -7.7163434e-01  -6.3074525e+00
   8.7847031e+00  -4.1667141e+00  -5.8037830e+00
   9.2871380e+00  -5.1093066e+00  -9.5374834e+00
   1.1463385e+01  -2.0557802e+00  -1.0065681e+01
   1.3946749e+01  -3.8919690e+00  -7.8169271e+00
   1.1970146e+01  -6.2500375e+00  -5.5583561e+00
   1.0850112e+01  -3.2821979e+00  -3.2403756e+00
   7.7482321e+00  -2.9941981e+00  -1.1517675e+00
   7.2064949e+00  -1.4916024e-02   1.1657091e+00
   3.8490710e+00   1.7496789e+00   2.1144278e+00
   3.3360332e+00   4.6834346e+00   4.5229028e+00
  -7.6993326e-02   6.5497222e+00   4.2467027e+00
  -1.3912809e+00   9.4786559e+00   6.3811164e+00
  -4.8517067e+00   8.8177631e+00   7.6269116e+00
  -6.2814591e+00   9.1239076e+00   1.1261229e+01
  -4.2594837e+00   7.5556354e+00   1.4238710e+01
  -5.5795177e+00   8.0447060e+00   1.7767719e+01
  -3.6799521e+00   8.5752917e+00   2.0820734e+01
  -5.0508497e+00   8.6530212e+00   2.4405325e+01
  -1.5463455e+00   9.1835409e+00   2.6125877e+01
  -7.2747709e-01   1.1155487e+01   2.2987626e+01
   2.6640913e+00   9.2999936e+00   2.2712818e+01
   2.9386982e+00   6.7475735e+00   2.5521272e+01
   1.4416655e+00   3.3588683e+00   2.4516919e+01
  -4.9790460e-02   2.5223183e+00   2.1135206e+01
  -2.0895054e+00   4.6005546e+00   1.8752230e+01
  -4.9109220e+00   3.1637842e+00   1.6605753e+01
  -5.2097727e+00   3.8084117e+00   1.2929941e+01
  -7.9886499e+00   3.6160301e+00   1.0305901e+01
  -6.5542921e+00   4.7942999e+00   6.9487736e+00
  -7.9524644e+00   4.9601696e+00   3.5190088e+00
  -5.5633106e+00   6.1652597e+00   8.5662951e-01
  -5.6498375e+00   6.2307742e+00  -2.9330574e+00
  -2.2764526e+00   6.5857168e+00  -4.5266807e+00
  -1.8023696e+00   7.6552049e+00  -8.1363415e+00
   1.3497928e+00   5.8741362e+00  -9.4551012e+00
   1.7433305e+00   6.0543916e+00  -1.3200071e+01
   4.2761687e+00   8.7566520e+00  -1.4271673e+01
   7.0466186e+00   5.9678748e+00  -1.4295885e+01
   5.1969124e+00   2.7265678e+00  -1.3982917e+01
   5.6549025e+00   4.9310336e-01  -1.6970539e+01
   4.1159285e+00  -2.7951498e+00  -1.7899584e+01
   1.4967644e+00  -4.4904506e+00  -1.5505851e+01
   1.6324139e+00  -2.6867233e+00  -1.2273328e+01
   1.0766533e+00  -4.4746585e+00  -8.9984011e+00
   6.0954880e-01  -2.3006563e+00  -5.8286491e+00
   8.7466442e-01  -3.7642211e+00  -2.2968851e+00
  -1.5366279e-02  -2.1341182e+00   1.0072318e+00
   2.2504568e+00  -1.7958868e+00   4.0570422e+00
   1.3589083e+00  -3.9205986e-01   7.4982391e+00
   3.9669259e+00   3.7204764e-01   1.0200755e+01
   3.5851315e+00  -4.2731084e-01   1.3786947e+01
   5.8809078e+00   6.3088309e-01   1.6552957e+01
   4.8986106e+00  -2.3028464e+00   1.8969742e+01
   1.9028454e+00  -3.2774796e+00   2.0925133e+01
  -6.6172650e-03  -2.2833185e+00   1.7835428e+01
  -1.6257871e+00  -4.4051892e+00   1.5208305e+01
  -1.4143312e+00  -3.6193056e+00   1.1583795e+01
  -3.8979057e+00  -4.7213127e+00   8.9757445e+00
  -3.5567057e+00  -3.9037200e+00   5.2308811e+00
  -6.2801397e+00  -4.7731923e+00   2.6623402e+00
  -6.6481484e+00  -4.2758359e+00  -9.4993055e-01
  -4.1228770e+00  -5.2252614e+00  -3.7329140e+00
  -4.1861273e+00  -3.2716073e+00  -6.8243669e+00
  -2.5511826e+00  -4.0383641e+00  -1.0255526e+01
  -3.5772274e+00  -1.7394982e+00  -1.2978918e+01
  -2.9919008e+00  -2.3791211e+00  -1.6641714e+01
  -3.8857944e+00  -8.0758558e-02  -1.9577897e+01
