-1.251200008392333984e+01,-9.831000328063964844e+00,-1.524600028991699219e+01
-1.346899986267089844e+01,-7.021999835968017578e+00,-1.762199974060058594e+01
-1.710600090026855469e+01,-7.018000125885009766e+00,-1.872200012207031250e+01
-1.808099937438964844e+01,-6.513000011444091797e+00,-2.237299919128417969e+01
-1.904599952697753906e+01,-2.943000078201293945e+00,-2.146299934387207031e+01
-1.563399982452392578e+01,-2.358000040054321289e+00,-1.985400009155273438e+01
-1.386400032043457031e+01,-3.619999885559082031e+00,-2.297100067138671875e+01
-1.598400020599365234e+01,-1.373000025749206543e+00,-2.517499923706054688e+01
-1.521000003814697266e+01,1.651999950408935547e+00,-2.298900032043457031e+01
-1.147900009155273438e+01,9.279999732971191406e-01,-2.293499946594238281e+01
-1.127999973297119141e+01,4.350000023841857910e-01,-2.670299911499023438e+01
-1.324499988555908203e+01,3.628000020980834961e+00,-2.730800056457519531e+01
-1.105900001525878906e+01,5.684999942779541016e+00,-2.497400093078613281e+01
-7.776000022888183594e+00,4.263000011444091797e+00,-2.625699996948242188e+01
-8.956000328063964844e+00,4.676000118255615234e+00,-2.982099914550781250e+01
-9.437999725341796875e+00,8.380000114440917969e+00,-2.912899971008300781e+01
-5.894999980926513672e+00,8.517999649047851562e+00,-2.773100090026855469e+01
-4.695000171661376953e+00,7.307000160217285156e+00,-3.112000083923339844e+01
-1.404000043869018555e+00,8.770000457763671875e+00,-3.233499908447265625e+01
-9.779999852180480957e-01,1.062500000000000000e+01,-2.903000068664550781e+01
-3.639999926090240479e-01,7.394000053405761719e+00,-2.708099937438964844e+01
3.398999929428100586e+00,7.870999813079833984e+00,-2.690800094604492188e+01
3.065999984741210938e+00,1.150899982452392578e+01,-2.587100028991699219e+01
5.770000219345092773e-01,1.058800029754638672e+01,-2.315399932861328125e+01
2.795000076293945312e+00,7.748000144958496094e+00,-2.197500038146972656e+01
5.665999889373779297e+00,1.018999958038330078e+01,-2.152400016784667969e+01
3.394999980926513672e+00,1.264099979400634766e+01,-1.969799995422363281e+01
2.167999982833862305e+00,9.904000282287597656e+00,-1.736300086975097656e+01
5.775000095367431641e+00,9.024999618530273438e+00,-1.652499961853027344e+01
6.638999938964843750e+00,1.267300033569335938e+01,-1.585999965667724609e+01
3.595000028610229492e+00,1.300000000000000000e+01,-1.359500026702880859e+01
4.662000179290771484e+00,9.843000411987304688e+00,-1.176000022888183594e+01
8.253999710083007812e+00,1.098700046539306641e+01,-1.120199966430664062e+01
7.078999996185302734e+00,1.436299991607666016e+01,-9.881999969482421875e+00
4.182000160217285156e+00,1.316100025177001953e+01,-7.708000183105468750e+00
5.869999885559082031e+00,9.987000465393066406e+00,-6.482999801635742188e+00
9.670000076293945312e+00,1.060999965667724609e+01,-6.346000194549560547e+00
1.043099975585937500e+01,7.129000186920166016e+00,-5.021999835968017578e+00
9.616999626159667969e+00,5.751999855041503906e+00,-8.482000350952148438e+00
1.272900009155273438e+01,7.464000225067138672e+00,-9.857000350952148438e+00
1.488399982452392578e+01,4.844999790191650391e+00,-8.118000030517578125e+00
1.414299964904785156e+01,2.548000097274780273e+00,-1.105500030517578125e+01
1.557800006866455078e+01,5.045000076293945312e+00,-1.354699993133544922e+01
1.897400093078613281e+01,6.172999858856201172e+00,-1.216899967193603516e+01
2.040399932861328125e+01,5.715000152587890625e+00,-1.567399978637695312e+01
1.787500000000000000e+01,8.107000350952148438e+00,-1.721500015258789062e+01
1.793000030517578125e+01,1.184399986267089844e+01,-1.785899925231933594e+01
1.461100006103515625e+01,1.262399959564208984e+01,-1.617499923706054688e+01
1.448999977111816406e+01,1.626300048828125000e+01,-1.727199935913085938e+01
1.132100009918212891e+01,1.750300025939941406e+01,-1.893400001525878906e+01
1.128800010681152344e+01,1.650099945068359375e+01,-2.258099937438964844e+01
1.411600017547607422e+01,1.399699974060058594e+01,-2.215800094604492188e+01
1.454399967193603516e+01,1.168700027465820312e+01,-2.514399909973144531e+01
1.484300041198730469e+01,8.762999534606933594e+00,-2.271800041198730469e+01
1.155300045013427734e+01,9.590000152587890625e+00,-2.100000000000000000e+01
9.864999771118164062e+00,1.001700019836425781e+01,-2.438100051879882812e+01
1.128600025177001953e+01,6.696000099182128906e+00,-2.551600074768066406e+01
1.009300041198730469e+01,4.874000072479248047e+00,-2.242399978637695312e+01
6.728000164031982422e+00,6.611000061035156250e+00,-2.267200088500976562e+01
6.353000164031982422e+00,5.105999946594238281e+00,-2.612999916076660156e+01
7.163000106811523438e+00,1.661999940872192383e+00,-2.474500083923339844e+01
4.486999988555908203e+00,2.078999996185302734e+00,-2.207200050354003906e+01
2.000999927520751953e+00,3.233999967575073242e+00,-2.470000076293945312e+01
2.836999893188476562e+00,3.689999878406524658e-01,-2.706699943542480469e+01
2.394000053405761719e+00,-2.148000001907348633e+00,-2.424600028991699219e+01
-1.029999971389770508e+00,-7.070000171661376953e-01,-2.343400001525878906e+01
-2.007999897003173828e+00,-6.669999957084655762e-01,-2.710899925231933594e+01
-1.088000059127807617e+00,-4.356999874114990234e+00,-2.729400062561035156e+01
-3.108000040054321289e+00,-5.026000022888183594e+00,-2.413299942016601562e+01
-6.153999805450439453e+00,-3.234999895095825195e+00,-2.554500007629394531e+01
-5.882999897003173828e+00,-5.106999874114990234e+00,-2.884700012207031250e+01
-5.750000000000000000e+00,-8.397999763488769531e+00,-2.694199943542480469e+01
-7.992000102996826172e+00,-7.495999813079833984e+00,-2.401799964904785156e+01
-9.567999839782714844e+00,-1.097200012207031250e+01,-2.419799995422363281e+01
-6.205999851226806641e+00,-1.273099994659423828e+01,-2.385300064086914062e+01
-3.835000038146972656e+00,-1.041100025177001953e+01,-2.197400093078613281e+01
-1.883999943733215332e+00,-1.315600013732910156e+01,-2.014500045776367188e+01
-6.090000271797180176e-01,-1.457600021362304688e+01,-2.343799972534179688e+01
-2.680000066757202148e-01,-1.123700046539306641e+01,-2.522200012207031250e+01
1.804999947547912598e+00,-9.781999588012695312e+00,-2.237800025939941406e+01
3.694000005722045898e+00,-1.299899959564208984e+01,-2.158600044250488281e+01
7.092000007629394531e+00,-1.171100044250488281e+01,-2.272599983215332031e+01
6.624000072479248047e+00,-8.423999786376953125e+00,-2.086800003051757812e+01
5.587999820709228516e+00,-1.033899974822998047e+01,-1.774099922180175781e+01
8.796999931335449219e+00,-1.237899971008300781e+01,-1.794700050354003906e+01
1.084799957275390625e+01,-9.208000183105468750e+00,-1.842200088500976562e+01
9.390000343322753906e+00,-7.553999900817871094e+00,-1.531999969482421875e+01
9.583000183105468750e+00,-1.069600009918212891e+01,-1.320100021362304688e+01
1.310799980163574219e+01,-1.177799987792968750e+01,-1.414000034332275391e+01
1.497599983215332031e+01,-8.635999679565429688e+00,-1.513899993896484375e+01
1.336400032043457031e+01,-5.320000171661376953e+00,-1.418700027465820312e+01
1.179699993133544922e+01,-6.605000019073486328e+00,-1.095400047302246094e+01
9.819999694824218750e+00,-3.470999956130981445e+00,-1.010799980163574219e+01
7.992000102996826172e+00,-3.719000101089477539e+00,-6.790999889373779297e+00
4.272999763488769531e+00,-4.361000061035156250e+00,-7.495999813079833984e+00
3.125000000000000000e+00,-1.253000020980834961e+00,-5.591000080108642578e+00
4.638999938964843750e+00,9.679999947547912598e-01,-8.279999732971191406e+00
2.213999986648559570e+00,-2.300000041723251343e-01,-1.093200016021728516e+01
-6.060000061988830566e-01,1.389000058174133301e+00,-8.946999549865722656e+00
1.241000056266784668e+00,4.705999851226806641e+00,-9.048999786376953125e+00
1.779999971389770508e+00,4.610000133514404297e+00,-1.280900001525878906e+01
-1.835000038146972656e+00,3.532000064849853516e+00,-1.334300041198730469e+01
-3.072999954223632812e+00,6.520999908447265625e+00,-1.135099983215332031e+01
-8.970000147819519043e-01,8.911000251770019531e+00,-1.335599994659423828e+01
-2.115999937057495117e+00,7.346000194549560547e+00,-1.660000038146972656e+01
-5.710000038146972656e+00,7.967000007629394531e+00,-1.547999954223632812e+01
-4.877999782562255859e+00,1.159200000762939453e+01,-1.461100006103515625e+01
-3.243999958038330078e+00,1.202600002288818359e+01,-1.801399993896484375e+01
-6.256999969482421875e+00,1.058100032806396484e+01,-1.983600044250488281e+01
-8.640000343322753906e+00,1.268599987030029297e+01,-1.775699996948242188e+01
-6.732999801635742188e+00,1.582999992370605469e+01,-1.874300003051757812e+01
-6.809999942779541016e+00,1.496100044250488281e+01,-2.245400047302246094e+01
-1.019900035858154297e+01,1.328100013732910156e+01,-2.290999984741210938e+01
-1.277700042724609375e+01,1.576599979400634766e+01,-2.155699920654296875e+01
-1.566600036621093750e+01,1.421599960327148438e+01,-2.348699951171875000e+01
-1.467500019073486328e+01,1.055500030517578125e+01,-2.313999938964843750e+01
-1.362800025939941406e+01,1.043000030517578125e+01,-1.946699905395507812e+01
-1.710499954223632812e+01,9.810999870300292969e+00,-1.804199981689453125e+01
-1.761599922180175781e+01,8.090000152587890625e+00,-1.465999984741210938e+01
-1.832900047302246094e+01,4.774000167846679688e+00,-1.642099952697753906e+01
-1.523499965667724609e+01,5.032999992370605469e+00,-1.863800048828125000e+01
-1.314799976348876953e+01,6.104000091552734375e+00,-1.562399959564208984e+01
-1.420100021362304688e+01,2.921000003814697266e+00,-1.382499980926513672e+01
-1.350699996948242188e+01,7.279999852180480957e-01,-1.686300086975097656e+01
-1.004399967193603516e+01,2.249000072479248047e+00,-1.738599967956542969e+01
-9.175000190734863281e+00,1.779999971389770508e+00,-1.369900035858154297e+01
-1.019999980926513672e+01,-1.891999959945678711e+00,-1.389099979400634766e+01
-8.269000053405761719e+00,-2.332000017166137695e+00,-1.714200019836425781e+01
-5.048999786376953125e+00,-8.560000061988830566e-01,-1.575199985504150391e+01
-5.413000106811523438e+00,-2.963000059127807617e+00,-1.260099983215332031e+01
-5.780000209808349609e+00,-6.067999839782714844e+00,-1.477999973297119141e+01
-2.697999954223632812e+00,-5.158999919891357422e+00,-1.682500076293945312e+01
-7.409999966621398926e-01,-4.668000221252441406e+00,-1.358500003814697266e+01
-1.894999980926513672e+00,-8.062999725341796875e+00,-1.230799961090087891e+01
-7.229999899864196777e-01,-9.755000114440917969e+00,-1.550699996948242188e+01
2.657000064849853516e+00,-7.997000217437744141e+00,-1.546599960327148438e+01
3.339999914169311523e+00,-9.128000259399414062e+00,-1.188599967956542969e+01
1.850000023841857910e+00,-1.261999988555908203e+01,-1.223999977111816406e+01
5.263999938964843750e+00,-1.429300022125244141e+01,-1.265699958801269531e+01
7.007999897003173828e+00,-1.255700016021728516e+01,-9.748000144958496094e+00
6.784999847412109375e+00,-1.559899997711181641e+01,-7.473999977111816406e+00
-3.240000009536743164e-01,-1.970999908447265625e+01,-8.972999572753906250e+00
8.619999885559082031e-01,-2.198100090026855469e+01,-6.166999816894531250e+00
3.476000070571899414e+00,-2.454199981689453125e+01,-7.153999805450439453e+00
3.206000089645385742e+00,-2.818499946594238281e+01,-6.057000160217285156e+00
5.893000125885009766e+00,-2.744000053405761719e+01,-3.463999986648559570e+00
3.898000001907348633e+00,-2.445800018310546875e+01,-2.157000064849853516e+00
7.799999713897705078e-01,-2.660099983215332031e+01,-1.804999947547912598e+00
2.733999967575073242e+00,-2.927599906921386719e+01,4.600000008940696716e-02
4.186999797821044922e+00,-2.668300056457519531e+01,2.433000087738037109e+00
8.000000119209289551e-01,-2.508600044250488281e+01,3.095000028610229492e+00
-9.110000133514404297e-01,-2.841699981689453125e+01,3.753999948501586914e+00
1.898000001907348633e+00,-2.949600028991699219e+01,6.063000202178955078e+00
1.814000010490417480e+00,-2.625499916076660156e+01,8.048999786376953125e+00
-1.975999951362609863e+00,-2.611599922180175781e+01,8.300999641418457031e+00
-2.079999923706054688e+00,-2.977499961853027344e+01,9.210000038146972656e+00
1.770000010728836060e-01,-2.900499916076660156e+01,1.216199970245361328e+01
-2.198999881744384766e+00,-2.620000076293945312e+01,1.317000007629394531e+01
-4.916999816894531250e+00,-2.882900047302246094e+01,1.342800045013427734e+01
-7.421000003814697266e+00,-2.834300041198730469e+01,1.624300003051757812e+01
-5.800000190734863281e+00,-2.501199913024902344e+01,1.715500068664550781e+01
-7.033999919891357422e+00,-2.332699966430664062e+01,1.395499992370605469e+01
-9.875000000000000000e+00,-2.148100090026855469e+01,1.566899967193603516e+01
-7.647999763488769531e+00,-2.033200073242187500e+01,1.852400016784667969e+01
-5.028999805450439453e+00,-1.907999992370605469e+01,1.607500076293945312e+01
-7.689000129699707031e+00,-1.734000015258789062e+01,1.400899982452392578e+01
-8.835000038146972656e+00,-1.544799995422363281e+01,1.709600067138671875e+01
-5.251999855041503906e+00,-1.455799961090087891e+01,1.797500038146972656e+01
-4.607999801635742188e+00,-1.326799964904785156e+01,1.446700000762939453e+01
-7.681000232696533203e+00,-1.103499984741210938e+01,1.472299957275390625e+01
-6.560999870300292969e+00,-9.704999923706054688e+00,1.811800003051757812e+01
-3.102999925613403320e+00,-8.968999862670898438e+00,1.671299934387207031e+01
-4.710999965667724609e+00,-7.176000118255615234e+00,1.376599979400634766e+01
-6.987999916076660156e+00,-5.002999782562255859e+00,1.591100025177001953e+01
-4.078000068664550781e+00,-3.990999937057495117e+00,1.815399932861328125e+01
-1.437000036239624023e+00,-3.427999973297119141e+00,1.546100044250488281e+01
-3.785000085830688477e+00,-1.911000013351440430e+00,1.287800025939941406e+01
-6.609000205993652344e+00,-7.999999821186065674e-02,1.474899959564208984e+01
-8.293000221252441406e+00,1.093000054359436035e+00,1.153800010681152344e+01
-9.439999580383300781e+00,-2.490999937057495117e+00,1.095699977874755859e+01
-1.174699974060058594e+01,-2.197000026702880859e+00,1.397900009155273438e+01
-1.406000041961669922e+01,3.799999877810478210e-02,1.193000030517578125e+01
-1.548099994659423828e+01,-3.148000001907348633e+00,1.041600036621093750e+01
-1.645599937438964844e+01,-4.506999969482421875e+00,1.383899974822998047e+01
-1.828599929809570312e+01,-1.677000045776367188e+00,1.567700004577636719e+01
-2.090699958801269531e+01,-4.238999843597412109e+00,1.672900009155273438e+01
-1.830500030517578125e+01,-6.484000205993652344e+00,1.839299964904785156e+01
-1.694799995422363281e+01,-6.657999992370605469e+00,2.191699981689453125e+01
-1.326599979400634766e+01,-6.513000011444091797e+00,2.097800064086914062e+01
-1.197299957275390625e+01,-7.201000213623046875e+00,2.449300003051757812e+01
-9.390000343322753906e+00,-9.937999725341796875e+00,2.492300033569335938e+01
-1.109200000762939453e+01,-1.331900024414062500e+01,2.500799942016601562e+01
-1.437699985504150391e+01,-1.195899963378906250e+01,2.365999984741210938e+01
-1.678800010681152344e+01,-1.466800022125244141e+01,2.255800056457519531e+01
-1.746400070190429688e+01,-1.266800022125244141e+01,1.939599990844726562e+01
-1.377700042724609375e+01,-1.247700023651123047e+01,1.850000000000000000e+01
-1.339200019836425781e+01,-1.619799995422363281e+01,1.920800018310546875e+01
-1.642200088500976562e+01,-1.691799926757812500e+01,1.704500007629394531e+01
-1.513700008392333984e+01,-1.485499954223632812e+01,1.414900016784667969e+01
-1.168000030517578125e+01,-1.635400009155273438e+01,1.457699966430664062e+01
-1.325699996948242188e+01,-1.976799964904785156e+01,1.404500007629394531e+01
-1.493000030517578125e+01,-1.851700019836425781e+01,1.086100006103515625e+01
-1.159300041198730469e+01,-1.725000000000000000e+01,9.567999839782714844e+00
-9.967000007629394531e+00,-2.057999992370605469e+01,1.043200016021728516e+01
-1.274899959564208984e+01,-2.260899925231933594e+01,8.802000045776367188e+00
-1.248200035095214844e+01,-2.052799987792968750e+01,5.630000114440917969e+00
-8.736000061035156250e+00,-2.114999961853027344e+01,5.480000019073486328e+00
-9.210000038146972656e+00,-2.485400009155273438e+01,6.171999931335449219e+00
-1.164500045776367188e+01,-2.498699951171875000e+01,3.253999948501586914e+00
-9.156999588012695312e+00,-2.311000061035156250e+01,1.075000047683715820e+00
-6.343999862670898438e+00,-2.550900077819824219e+01,1.975000023841857910e+00
-8.555000305175781250e+00,-2.853100013732910156e+01,1.297999978065490723e+00
-9.425999641418457031e+00,-2.709499931335449219e+01,-2.115999937057495117e+00
-6.150000095367431641e+00,-2.536599922180175781e+01,-2.901999950408935547e+00
-6.427999973297119141e+00,-2.654800033569335938e+01,-6.531000137329101562e+00
-9.859999656677246094e+00,-2.496299934387207031e+01,-6.988999843597412109e+00
-1.014500045776367188e+01,-2.202000045776367188e+01,-4.584000110626220703e+00
-1.231099987030029297e+01,-1.981399917602539062e+01,-6.840000152587890625e+00
-1.514799976348876953e+01,-2.234900093078613281e+01,-6.752999782562255859e+00
-1.459500026702880859e+01,-2.345700073242187500e+01,-3.158999919891357422e+00
-1.467599964141845703e+01,-1.986300086975097656e+01,-1.898000001907348633e+00
-1.737100028991699219e+01,-1.866200065612792969e+01,-4.311999797821044922e+00
-2.002300071716308594e+01,-1.806599998474121094e+01,-1.644000053405761719e+00
-1.754100036621093750e+01,-1.627799987792968750e+01,6.179999709129333496e-01
-1.641399955749511719e+01,-1.412800025939941406e+01,-2.322999954223632812e+00
-2.002899932861328125e+01,-1.312100028991699219e+01,-2.946000099182128906e+00
-2.050699996948242188e+01,-1.233300018310546875e+01,7.459999918937683105e-01
-1.748299980163574219e+01,-1.003499984741210938e+01,8.560000061988830566e-01
-1.826600074768066406e+01,-8.375000000000000000e+00,-2.469000101089477539e+00
-2.198699951171875000e+01,-7.787000179290771484e+00,-1.927000045776367188e+00
-2.250600051879882812e+01,-7.550000190734863281e+00,1.835000038146972656e+00
-1.938299942016601562e+01,-7.065999984741210938e+00,3.950000047683715820e+00
-1.750300025939941406e+01,-4.987999916076660156e+00,1.360000014305114746e+00
-1.420199966430664062e+01,-4.788000106811523438e+00,3.240000009536743164e+00
-1.162300014495849609e+01,-2.634999990463256836e+00,1.455999970436096191e+00
-9.071999549865722656e+00,-4.940000057220458984e+00,-2.399999946355819702e-01
-6.096000194549560547e+00,-3.424999952316284180e+00,1.603000044822692871e+00
-7.324999809265136719e+00,-4.947999954223632812e+00,4.863999843597412109e+00
-6.782999992370605469e+00,-8.498000144958496094e+00,3.658999919891357422e+00
-3.040999889373779297e+00,-7.789000034332275391e+00,3.572999954223632812e+00
-3.158999919891357422e+00,-6.745999813079833984e+00,7.217999935150146484e+00
-4.977000236511230469e+00,-9.888999938964843750e+00,8.345999717712402344e+00
-2.647000074386596680e+00,-1.204500007629394531e+01,6.243000030517578125e+00
3.840000033378601074e-01,-1.050599956512451172e+01,7.939000129699707031e+00
-1.077000021934509277e+00,-1.111400032043457031e+01,1.139400005340576172e+01
-1.902999997138977051e+00,-1.470499992370605469e+01,1.044699954986572266e+01
1.736999988555908203e+00,-1.520400047302246094e+01,9.418999671936035156e+00
2.934999942779541016e+00,-1.371100044250488281e+01,1.271599960327148438e+01
5.749999880790710449e-01,-1.599899959564208984e+01,1.461400032043457031e+01
1.786999940872192383e+00,-1.908399963378906250e+01,1.274899959564208984e+01
5.418000221252441406e+00,-1.805100059509277344e+01,1.321899986267089844e+01
4.863999843597412109e+00,-1.779500007629394531e+01,1.697999954223632812e+01
3.227999925613403320e+00,-2.123299980163574219e+01,1.718300056457519531e+01
5.133999824523925781e+00,-2.328400039672851562e+01,1.459799957275390625e+01
8.836000442504882812e+00,-2.293300056457519531e+01,1.553100013732910156e+01
9.859000205993652344e+00,-2.606699943542480469e+01,1.365100002288818359e+01
7.571000099182128906e+00,-2.570000076293945312e+01,1.063500022888183594e+01
7.947999954223632812e+00,-2.196999931335449219e+01,9.892999649047851562e+00
1.106299972534179688e+01,-2.227499961853027344e+01,7.710999965667724609e+00
1.192599964141845703e+01,-1.964299964904785156e+01,5.084000110626220703e+00
1.044499969482421875e+01,-2.184900093078613281e+01,2.335999965667724609e+00
7.223999977111816406e+00,-2.246899986267089844e+01,4.265999794006347656e+00
7.024000167846679688e+00,-1.875499916076660156e+01,5.157999992370605469e+00
7.149000167846679688e+00,-1.792099952697753906e+01,1.440000057220458984e+00
4.535999774932861328e+00,-2.055299949645996094e+01,5.559999942779541016e-01
2.148999929428100586e+00,-1.936499977111816406e+01,3.279999971389770508e+00
2.529000043869018555e+00,-1.573499965667724609e+01,2.174999952316284180e+00
1.707000017166137695e+00,-1.671599960327148438e+01,-1.422999978065490723e+00
-1.231999993324279785e+00,-1.883499908447265625e+01,-2.509999871253967285e-01
-2.753999948501586914e+00,-1.603499984741210938e+01,1.832000017166137695e+00
-2.256000041961669922e+00,-1.358500003814697266e+01,-1.039000034332275391e+00
-4.085000038146972656e+00,-1.599600028991699219e+01,-3.348999977111816406e+00
-6.962999820709228516e+00,-1.639800071716308594e+01,-8.880000114440917969e-01
-7.222000122070312500e+00,-1.260000038146972656e+01,-6.330000162124633789e-01
-7.300000190734863281e+00,-1.229199981689453125e+01,-4.427000045776367188e+00
-1.014400005340576172e+01,-1.481799983978271484e+01,-4.649000167846679688e+00
-1.215900039672851562e+01,-1.312899971008300781e+01,-1.886000037193298340e+00
-1.195600032806396484e+01,-9.748000144958496094e+00,-3.641000032424926758e+00
-1.236400032043457031e+01,-1.107499980926513672e+01,-7.201000213623046875e+00
-1.606299972534179688e+01,-1.012699985504150391e+01,-7.369999885559082031e+00
-1.571800041198730469e+01,-6.587999820709228516e+00,-5.995999813079833984e+00
-1.604899978637695312e+01,-4.967000007629394531e+00,-9.420999526977539062e+00
2.043999910354614258e+00,1.866200065612792969e+01,4.966000080108642578e+00
5.091000080108642578e+00,2.051499938964843750e+01,3.647000074386596680e+00
4.597000122070312500e+00,2.243600082397460938e+01,4.129999876022338867e-01
7.054999828338623047e+00,2.492200088500976562e+01,-1.069000005722045898e+00
5.876999855041503906e+00,2.851799964904785156e+01,-1.557000041007995605e+00
5.395999908447265625e+00,2.788400077819824219e+01,-5.282000064849853516e+00
3.411000013351440430e+00,2.471999931335449219e+01,-4.578000068664550781e+00
1.144000053405761719e+00,2.657999992370605469e+01,-2.148999929428100586e+00
5.950000286102294922e-01,2.929299926757812500e+01,-4.745999813079833984e+00
-2.469999939203262329e-01,2.671899986267089844e+01,-7.409999847412109375e+00
-2.730999946594238281e+00,2.492799949645996094e+01,-5.157999992370605469e+00
-4.499000072479248047e+00,2.809300041198730469e+01,-4.011000156402587891e+00
-4.590000152587890625e+00,2.958300018310546875e+01,-7.512000083923339844e+00
-6.298999786376953125e+00,2.656200027465820312e+01,-9.031000137329101562e+00
-8.628000259399414062e+00,2.603800010681152344e+01,-6.077000141143798828e+00
-9.960000038146972656e+00,2.956200027465820312e+01,-6.491000175476074219e+00
-1.142199993133544922e+01,2.838599967956542969e+01,-9.798000335693359375e+00
-1.307499980926513672e+01,2.525699996948242188e+01,-8.383000373840332031e+00
-1.686300086975097656e+01,2.504199981689453125e+01,-8.208000183105468750e+00
-1.734499931335449219e+01,2.321599960327148438e+01,-4.894000053405761719e+00
-2.092200088500976562e+01,2.218300056457519531e+01,-5.708000183105468750e+00
-1.995899963378906250e+01,2.050600051879882812e+01,-8.986000061035156250e+00
-1.655100059509277344e+01,1.907099914550781250e+01,-8.114999771118164062e+00
-1.764599990844726562e+01,1.774600028991699219e+01,-4.729000091552734375e+00
-2.054400062561035156e+01,1.577799987792968750e+01,-6.138000011444091797e+00
-1.842799949645996094e+01,1.458500003814697266e+01,-9.067000389099121094e+00
-1.561499977111816406e+01,1.335299968719482422e+01,-6.806000232696533203e+00
-1.783200073242187500e+01,1.148799991607666016e+01,-4.342999935150146484e+00
-1.992200088500976562e+01,1.009000015258789062e+01,-7.177999973297119141e+00
-1.690900039672851562e+01,8.760000228881835938e+00,-9.045999526977539062e+00
-1.556799983978271484e+01,7.235000133514404297e+00,-5.815999984741210938e+00
-1.876399993896484375e+01,5.183000087738037109e+00,-5.504000186920166016e+00
-1.870000076293945312e+01,4.206999778747558594e+00,-9.192999839782714844e+00
-1.500699996948242188e+01,3.322000026702880859e+00,-9.548000335693359375e+00
-1.471199989318847656e+01,1.587000012397766113e+00,-6.171000003814697266e+00
-1.815500068664550781e+01,-3.000000026077032089e-03,-5.505000114440917969e+00
-1.726899909973144531e+01,-1.366000056266784668e+00,-2.066999912261962891e+00
-1.715500068664550781e+01,2.220999956130981445e+00,-7.739999890327453613e-01
-2.094799995422363281e+01,2.259999990463256836e+00,-1.154000043869018555e+00
-2.119300079345703125e+01,3.479999899864196777e-01,2.141999959945678711e+00
-2.104000091552734375e+01,3.686000108718872070e+00,3.961999893188476562e+00
-2.391699981689453125e+01,5.219999790191650391e+00,1.996999979019165039e+00
-2.677499961853027344e+01,2.700999975204467773e+00,2.075999975204467773e+00
-2.914800071716308594e+01,5.481999874114990234e+00,3.200000047683715820e+00
-2.850699996948242188e+01,7.425000190734863281e+00,-9.999999776482582092e-03
-3.088599967956542969e+01,5.269999980926513672e+00,-2.023999929428100586e+00
-3.034700012207031250e+01,4.084000110626220703e+00,-5.592999935150146484e+00
-2.665800094604492188e+01,3.638000011444091797e+00,-6.431000232696533203e+00
-2.714999961853027344e+01,7.519999742507934570e-01,-8.890000343322753906e+00
-2.578899955749511719e+01,2.470000028610229492e+00,-1.201299953460693359e+01
-2.327700042724609375e+01,5.239999771118164062e+00,-1.279599952697753906e+01
-2.610600090026855469e+01,7.544000148773193359e+00,-1.386699962615966797e+01
-2.808300018310546875e+01,6.778999805450439453e+00,-1.070199966430664062e+01
-2.504500007629394531e+01,7.591000080108642578e+00,-8.545000076293945312e+00
-2.410899925231933594e+01,1.081000041961669922e+01,-1.033100032806396484e+01
-2.770000076293945312e+01,1.205900001525878906e+01,-1.029100036621093750e+01
-2.835899925231933594e+01,1.111999988555908203e+01,-6.659999847412109375e+00
-2.927400016784667969e+01,1.427000045776367188e+01,-4.644999980926513672e+00
-2.772800064086914062e+01,1.288799953460693359e+01,-1.458999991416931152e+00
-2.445299911499023438e+01,1.208100032806396484e+01,-3.232000112533569336e+00
-2.430200004577636719e+01,1.563500022888183594e+01,-4.558000087738037109e+00
-2.515200042724609375e+01,1.715500068664550781e+01,-1.169000029563903809e+00
-2.261100006103515625e+01,1.507800006866455078e+01,7.459999918937683105e-01
-1.998800086975097656e+01,1.564900016784667969e+01,-1.932999968528747559e+00
-2.041200065612792969e+01,1.938400077819824219e+01,-1.476999998092651367e+00
-2.000000000000000000e+01,1.895999908447265625e+01,2.282000064849853516e+00
-1.685799980163574219e+01,1.686100006103515625e+01,1.815000057220458984e+00
-1.523799991607666016e+01,1.934000015258789062e+01,-5.490000247955322266e-01
-1.612000083923339844e+01,2.212100028991699219e+01,1.863000035285949707e+00
-1.411600017547607422e+01,2.033300018310546875e+01,4.540999889373779297e+00
-1.126799964904785156e+01,1.987899971008300781e+01,2.055000066757202148e+00
-1.134799957275390625e+01,2.363100051879882812e+01,1.363000035285949707e+00
-1.099199962615966797e+01,2.426600074768066406e+01,5.093999862670898438e+00
-7.909999847412109375e+00,2.206299972534179688e+01,5.032999992370605469e+00
-6.372000217437744141e+00,2.409199905395507812e+01,2.203000068664550781e+00
-6.732999801635742188e+00,2.716699981689453125e+01,4.414999961853027344e+00
-4.823999881744384766e+00,2.543700027465820312e+01,7.225999832153320312e+00
-2.069000005722045898e+00,2.343099975585937500e+01,5.519000053405761719e+00
2.599999904632568359e-01,2.394499969482421875e+01,8.494999885559082031e+00
-2.211999893188476562e+00,2.241200065612792969e+01,1.094999980926513672e+01
-4.126999855041503906e+00,1.967000007629394531e+01,9.163999557495117188e+00
-4.203000068664550781e+00,1.733900070190429688e+01,1.216600036621093750e+01
-5.762000083923339844e+00,2.000799942016601562e+01,1.435000038146972656e+01
-8.152000427246093750e+00,2.113299942016601562e+01,1.162300014495849609e+01
-9.463000297546386719e+00,1.761700057983398438e+01,1.104100036621093750e+01
-9.265000343322753906e+00,1.633300018310546875e+01,1.463300037384033203e+01
-1.300599956512451172e+01,1.649699974060058594e+01,1.532199954986572266e+01
-1.394600009918212891e+01,1.513300037384033203e+01,1.189799976348876953e+01
-1.142000007629394531e+01,1.232199954986572266e+01,1.234899997711181641e+01
-1.291600036621093750e+01,1.132400035858154297e+01,1.570300006866455078e+01
-1.639500045776367188e+01,1.142399978637695312e+01,1.417199993133544922e+01
-1.547099971771240234e+01,9.109000205993652344e+00,1.130500030517578125e+01
-1.373600006103515625e+01,6.731999874114990234e+00,1.369600009918212891e+01
-1.608399963378906250e+01,6.633999824523925781e+00,1.670100021362304688e+01
-1.948800086975097656e+01,7.247000217437744141e+00,1.509899997711181641e+01
-1.937100028991699219e+01,6.607999801635742188e+00,1.135599994659423828e+01
-1.681599998474121094e+01,3.776999950408935547e+00,1.151099967956542969e+01
-1.527700042724609375e+01,4.633999824523925781e+00,8.140999794006347656e+00
-1.214900016784667969e+01,2.793999910354614258e+00,7.019999980926513672e+00
-9.630999565124511719e+00,5.644999980926513672e+00,6.488999843597412109e+00
-8.512000083923339844e+00,4.024000167846679688e+00,3.233999967575073242e+00
-1.160099983215332031e+01,5.722000122070312500e+00,1.800999999046325684e+00
-1.001299953460693359e+01,9.123000144958496094e+00,2.390000104904174805e+00
-7.002999782562255859e+00,8.131999969482421875e+00,2.989999949932098389e-01
-9.133000373840332031e+00,6.723999977111816406e+00,-2.516999959945678711e+00
-1.128499984741210938e+01,9.861000061035156250e+00,-2.559000015258789062e+00
-8.142999649047851562e+00,1.198499965667724609e+01,-2.654000043869018555e+00
-6.895999908447265625e+00,1.032499980926513672e+01,-5.822000026702880859e+00
-1.035400009155273438e+01,1.048099994659423828e+01,-7.380000114440917969e+00
-1.040100002288818359e+01,1.422000026702880859e+01,-6.644999980926513672e+00
-7.065000057220458984e+00,1.459000015258789062e+01,-8.435999870300292969e+00
-8.571999549865722656e+00,1.287399959564208984e+01,-1.149400043487548828e+01
-1.161299991607666016e+01,1.515799999237060547e+01,-1.134200000762939453e+01
-9.392999649047851562e+00,1.824900054931640625e+01,-1.117700004577636719e+01
-7.395999908447265625e+00,1.700000000000000000e+01,-1.417000007629394531e+01
-1.062500000000000000e+01,1.633099937438964844e+01,-1.605900001525878906e+01
-1.202600002288818359e+01,1.976499938964843750e+01,-1.526099967956542969e+01
-8.876999855041503906e+00,2.185199928283691406e+01,-1.583699989318847656e+01
-7.129000186920166016e+00,1.988699913024902344e+01,-1.856999969482421875e+01
-3.785000085830688477e+00,2.140399932861328125e+01,-1.957299995422363281e+01
-3.903000116348266602e+00,2.375699996948242188e+01,-1.660300064086914062e+01
-3.530999898910522461e+00,2.073100090026855469e+01,-1.430900001525878906e+01
1.739999949932098389e-01,2.036300086975097656e+01,-1.512699985504150391e+01
2.486999988555908203e+00,1.767499923706054688e+01,-1.369799995422363281e+01
3.923000097274780273e+00,2.011700057983398438e+01,-1.109399986267089844e+01
4.059999883174896240e-01,2.116099929809570312e+01,-1.006799983978271484e+01
-5.989999771118164062e-01,1.751600074768066406e+01,-9.673999786376953125e+00
2.461999893188476562e+00,1.686599922180175781e+01,-7.521999835968017578e+00
1.416000008583068848e+00,1.967399978637695312e+01,-5.192999839782714844e+00
-2.155999898910522461e+00,1.837999916076660156e+01,-4.961999893188476562e+00
-9.470000267028808594e-01,1.481499958038330078e+01,-4.354000091552734375e+00
9.060000181198120117e-01,1.611100006103515625e+01,-1.287999987602233887e+00
-2.250000000000000000e+00,1.786899948120117188e+01,-1.089999973773956299e-01
-4.638000011444091797e+00,1.493999958038330078e+01,-5.509999990463256836e-01
-2.124000072479248047e+00,1.267199993133544922e+01,1.192999958992004395e+00
-1.797000050544738770e+00,1.513500022888183594e+01,4.060999870300292969e+00
-5.554999828338623047e+00,1.549400043487548828e+01,4.460999965667724609e+00
-6.053999900817871094e+00,1.172399997711181641e+01,4.377999782562255859e+00
-3.388999938964843750e+00,1.127600002288818359e+01,7.059999942779541016e+00
-4.952000141143798828e+00,1.399800014495849609e+01,9.194000244140625000e+00
-8.380999565124511719e+00,1.237800025939941406e+01,8.909999847412109375e+00
-6.894000053405761719e+00,9.052000045776367188e+00,1.004699993133544922e+01
-4.939000129699707031e+00,1.059899997711181641e+01,1.293299961090087891e+01
-7.609000205993652344e+00,1.009799957275390625e+01,1.562199974060058594e+01
-8.354000091552734375e+00,6.454999923706054688e+00,1.479300022125244141e+01
-7.828000068664550781e+00,4.032000064849853516e+00,1.765099906921386719e+01
7.221000194549560547e+00,7.524000167846679688e+00,1.615500068664550781e+01
5.026000022888183594e+00,7.854000091552734375e+00,1.924799919128417969e+01
5.138000011444091797e+00,4.947999954223632812e+00,2.168499946594238281e+01
3.661999940872192383e+00,4.940999984741210938e+00,2.518000030517578125e+01
6.030000209808349609e+00,4.355999946594238281e+00,2.811599922180175781e+01
4.837999820709228516e+00,7.599999904632568359e-01,2.838400077819824219e+01
5.350999832153320312e+00,1.979999989271163940e-01,2.465500068664550781e+01
8.888999938964843750e+00,1.567000031471252441e+00,2.486300086975097656e+01
9.611000061035156250e+00,-7.179999947547912598e-01,2.780699920654296875e+01
8.241999626159667969e+00,-3.729000091552734375e+00,2.593799972534179688e+01
1.030399990081787109e+01,-2.980000019073486328e+00,2.283600044250488281e+01
1.354899978637695312e+01,-2.407000064849853516e+00,2.471800041198730469e+01
1.304100036621093750e+01,-5.415999889373779297e+00,2.697999954223632812e+01
1.259700012207031250e+01,-7.824999809265136719e+00,2.408799934387207031e+01
1.534799957275390625e+01,-6.252999782562255859e+00,2.199200057983398438e+01
1.783200073242187500e+01,-6.856999874114990234e+00,2.478100013732910156e+01
1.735300064086914062e+01,-1.057400035858154297e+01,2.411100006103515625e+01
1.785300064086914062e+01,-1.033800029754638672e+01,2.035000038146972656e+01
2.095400047302246094e+01,-1.186100006103515625e+01,1.876700019836425781e+01
2.174799919128417969e+01,-9.295000076293945312e+00,1.605999946594238281e+01
2.396999931335449219e+01,-1.167899990081787109e+01,1.409200000762939453e+01
2.127300071716308594e+01,-1.435599994659423828e+01,1.382600021362304688e+01
1.813400077819824219e+01,-1.223200035095214844e+01,1.351099967956542969e+01
1.966399955749511719e+01,-9.812999725341796875e+00,1.101799964904785156e+01
2.070499992370605469e+01,-1.253800010681152344e+01,8.619999885559082031e+00
1.740200042724609375e+01,-1.434899997711181641e+01,9.095999717712402344e+00
1.534700012207031250e+01,-1.122399997711181641e+01,8.366999626159667969e+00
1.723600006103515625e+01,-1.017599964141845703e+01,5.243000030517578125e+00
1.735300064086914062e+01,-1.376099967956542969e+01,4.026999950408935547e+00
1.362600040435791016e+01,-1.425599956512451172e+01,4.416999816894531250e+00
1.299199962615966797e+01,-1.093400001525878906e+01,2.644999980926513672e+00
1.484799957275390625e+01,-1.225300025939941406e+01,-4.099999964237213135e-01
1.306099987030029297e+01,-1.562199974060058594e+01,-2.489999979734420776e-01
9.498000144958496094e+00,-1.442399978637695312e+01,3.630000054836273193e-01
9.689999580383300781e+00,-1.145100021362304688e+01,-2.003000020980834961e+00
1.207699966430664062e+01,-1.251000022888183594e+01,-4.830999851226806641e+00
1.197000026702880859e+01,-9.180999755859375000e+00,-6.672999858856201172e+00
1.389599990844726562e+01,-7.620999813079833984e+00,-3.785000085830688477e+00
1.692200088500976562e+01,-9.611000061035156250e+00,-4.977000236511230469e+00
1.746299934387207031e+01,-6.979000091552734375e+00,-7.681000232696533203e+00
1.943300056457519531e+01,-4.935999870300292969e+00,-5.139999866485595703e+00
2.178499984741210938e+01,-7.781000137329101562e+00,-4.232999801635742188e+00
2.308699989318847656e+01,-9.218999862670898438e+00,-7.517000198364257812e+00
2.664900016784667969e+01,-8.954999923706054688e+00,-6.183000087738037109e+00
2.584000015258789062e+01,-1.135400009155273438e+01,-3.341000080108642578e+00
2.614900016784667969e+01,-1.440999984741210938e+01,-5.556000232696533203e+00
2.392600059509277344e+01,-1.748699951171875000e+01,-5.454999923706054688e+00
2.038800048828125000e+01,-1.667900085449218750e+01,-4.322999954223632812e+00
1.867200088500976562e+01,-1.937599945068359375e+01,-6.419000148773193359e+00
1.717799949645996094e+01,-2.140699958801269531e+01,-3.548000097274780273e+00
1.602099990844726562e+01,-2.073399925231933594e+01,2.999999932944774628e-02
1.898399925231933594e+01,-2.269700050354003906e+01,1.384999990463256836e+00
2.141300010681152344e+01,-2.080500030517578125e+01,-8.529999852180480957e-01
2.002199935913085938e+01,-1.747200012207031250e+01,3.519999980926513672e-01
2.000900077819824219e+01,-1.832699966430664062e+01,4.059999942779541016e+00
2.353700065612792969e+01,-1.973200035095214844e+01,3.897000074386596680e+00
2.496699905395507812e+01,-1.687100028991699219e+01,1.828999996185302734e+00
2.780999946594238281e+01,-1.515100002288818359e+01,3.769999980926513672e+00
2.705400085449218750e+01,-1.176500034332275391e+01,2.211999893188476562e+00
2.336599922180175781e+01,-1.200399971008300781e+01,3.134999990463256836e+00
2.432299995422363281e+01,-1.276900005340576172e+01,6.735000133514404297e+00
2.687700080871582031e+01,-9.956000328063964844e+00,6.861999988555908203e+00
2.455400085449218750e+01,-7.349999904632568359e+00,5.387000083923339844e+00
2.168400001525878906e+01,-8.543000221252441406e+00,7.552999973297119141e+00
2.383399963378906250e+01,-7.945000171661376953e+00,1.061900043487548828e+01
2.463199996948242188e+01,-4.440000057220458984e+00,9.362999916076660156e+00
2.094499969482421875e+01,-3.703999996185302734e+00,8.717000007629394531e+00
1.984499931335449219e+01,-4.862999916076660156e+00,1.214799976348876953e+01
2.265099906921386719e+01,-2.809000015258789062e+00,1.366699981689453125e+01
2.116099929809570312e+01,2.730000019073486328e-01,1.205399990081787109e+01
1.772299957275390625e+01,-7.559999823570251465e-01,1.333399963378906250e+01
1.918799972534179688e+01,-1.026999950408935547e+00,1.684199905395507812e+01
2.049099922180175781e+01,2.530999898910522461e+00,1.652099990844726562e+01
1.694400024414062500e+01,3.592999935150146484e+00,1.565299987792968750e+01
1.555900001525878906e+01,1.947999954223632812e+00,1.878300094604492188e+01
1.798200035095214844e+01,4.076000213623046875e+00,2.080100059509277344e+01
1.664200019836425781e+01,7.245999813079833984e+00,1.916300010681152344e+01
1.289200019836425781e+01,6.716000080108642578e+00,1.880699920654296875e+01
1.223799991607666016e+01,1.044900035858154297e+01,1.927400016784667969e+01
1.448999977111816406e+01,1.140900039672851562e+01,1.635799980163574219e+01
1.423600006103515625e+01,8.696000099182128906e+00,1.371599960327148438e+01
1.435299968719482422e+01,1.111100006103515625e+01,1.078600025177001953e+01
1.758799934387207031e+01,1.265200042724609375e+01,1.201000022888183594e+01
1.908699989318847656e+01,9.288000106811523438e+00,1.293000030517578125e+01
1.843300056457519531e+01,7.840000152587890625e+00,9.470999717712402344e+00
1.898399925231933594e+01,1.100500011444091797e+01,7.414000034332275391e+00
2.239100074768066406e+01,9.998000144958496094e+00,6.039999961853027344e+00
2.136300086975097656e+01,6.393000125885009766e+00,5.432000160217285156e+00
1.820400047302246094e+01,7.607999801635742188e+00,3.684999942779541016e+00
2.020000076293945312e+01,9.855999946594238281e+00,1.348999977111816406e+00
2.258399963378906250e+01,6.980999946594238281e+00,6.280000209808349609e-01
1.979299926757812500e+01,4.585999965667724609e+00,-3.240000009536743164e-01
1.816900062561035156e+01,7.238999843597412109e+00,-2.505000114440917969e+00
2.113500022888183594e+01,8.885000228881835938e+00,-4.239999771118164062e+00
2.365299987792968750e+01,6.033999919891357422e+00,-4.454999923706054688e+00
2.195000076293945312e+01,2.677999973297119141e+00,-3.956000089645385742e+00
1.866200065612792969e+01,3.640000104904174805e+00,-5.630000114440917969e+00
1.655500030517578125e+01,1.391000032424926758e+00,-3.401000022888183594e+00
1.276599979400634766e+01,1.565000057220458984e+00,-3.634999990463256836e+00
1.174499988555908203e+01,2.487999916076660156e+00,-4.899999871850013733e-02
8.953000068664550781e+00,-9.899999946355819702e-02,-2.119999974966049194e-01
1.174400043487548828e+01,-2.548000097274780273e+00,6.119999885559082031e-01
1.211900043487548828e+01,-9.879999756813049316e-01,4.052999973297119141e+00
8.454999923706054688e+00,-1.649999976158142090e+00,4.802000045776367188e+00
8.602999687194824219e+00,-5.238999843597412109e+00,3.555999994277954102e+00
1.173400020599365234e+01,-5.892000198364257812e+00,5.614999771118164062e+00
1.002499961853027344e+01,-4.399000167846679688e+00,8.654999732971191406e+00
7.151000022888183594e+00,-6.857999801635742188e+00,8.482000350952148438e+00
9.538000106811523438e+00,-9.734999656677246094e+00,7.820000171661376953e+00
1.146399974822998047e+01,-8.725000381469726562e+00,1.094200038909912109e+01
8.230999946594238281e+00,-8.836000442504882812e+00,1.294200038909912109e+01
7.644000053405761719e+00,-1.239500045776367188e+01,1.170199966430664062e+01
1.121000003814697266e+01,-1.335700035095214844e+01,1.263500022888183594e+01
1.077499961853027344e+01,-1.193900012969970703e+01,1.614200019836425781e+01
7.525000095367431641e+00,-1.387500000000000000e+01,1.654800033569335938e+01
9.239000320434570312e+00,-1.703000068664550781e+01,1.531099987030029297e+01
1.217700004577636719e+01,-1.657600021362304688e+01,1.767300033569335938e+01
1.027700042724609375e+01,-1.552799987792968750e+01,2.082200050354003906e+01
7.006999969482421875e+00,-1.740800094604492188e+01,2.041799926757812500e+01
4.546999931335449219e+00,-1.670100021362304688e+01,2.323500061035156250e+01
6.728000164031982422e+00,-1.385599994659423828e+01,2.449699974060058594e+01
5.910999774932861328e+00,-1.193999958038330078e+01,2.129800033569335938e+01
2.398999929428100586e+00,-1.110000038146972656e+01,2.249300003051757812e+01
-1.850000023841857910e-01,-9.085000038146972656e+00,2.052799987792968750e+01
6.060000061988830566e-01,-5.875999927520751953e+00,2.250200080871582031e+01
4.333000183105468750e+00,-6.394999980926513672e+00,2.192099952697753906e+01
3.720999956130981445e+00,-6.834000110626220703e+00,1.818899917602539062e+01
1.656999945640563965e+00,-3.642999887466430664e+00,1.811899948120117188e+01
4.576000213623046875e+00,-1.735999941825866699e+00,1.962100028991699219e+01
7.045000076293945312e+00,-3.209000110626220703e+00,1.713100051879882812e+01
4.711999893188476562e+00,-2.496999979019165039e+00,1.419600009918212891e+01
4.828000068664550781e+00,1.174999952316284180e+00,1.517899990081787109e+01
8.619999885559082031e+00,1.039999961853027344e+00,1.531499958038330078e+01
9.161999702453613281e+00,-6.880000233650207520e-01,1.196500015258789062e+01
6.710000038146972656e+00,1.740000009536743164e+00,1.035599994659423828e+01
8.536000251770019531e+00,4.695000171661376953e+00,1.188500022888183594e+01
1.194400024414062500e+01,3.446000099182128906e+00,1.077000045776367188e+01
1.067899990081787109e+01,2.778000116348266602e+00,7.243000030517578125e+00
9.229999542236328125e+00,6.285999774932861328e+00,7.040999889373779297e+00
1.246500015258789062e+01,7.789999961853027344e+00,8.342000007629394531e+00
1.449499988555908203e+01,5.872000217437744141e+00,5.756000041961669922e+00
1.222099971771240234e+01,7.203000068664550781e+00,3.006000041961669922e+00
1.229500007629394531e+01,1.078999996185302734e+01,4.282999992370605469e+00
1.524600028991699219e+01,1.197200012207031250e+01,2.154999971389770508e+00
1.398799991607666016e+01,1.053699970245361328e+01,-1.139000058174133301e+00
1.352700042724609375e+01,1.308300018310546875e+01,-3.894000053405761719e+00
